1.21148
1.00978
1.02033
1.03813
1.16445
0.947346
1.09336
1.37308
1.002
1.26169
1.15635
0.962095
1.1741
1.19821
0.875965
1.33163
1.11134
1.1985
0.852979
1.15847
1.18613
1.03214
1.39393
0.802269
1.2024
0.95243
1.10385
0.768203
1.03088
0.985578
0.955478
0.934537
1.11063
1.16508
0.846336
1.25212
1.17249
1.03701
1.03051
1.02092
1.09891
1.01637
1.0831
0.797512
1.03695
1.00469
0.904068
1.19538
0.951702
0.964108
1.06089
0.965938
1.09542
1.11622
1.00608
1.28045
0.736917
1.24492
1.09755
1.26494
1.29878
1.2263
1.28836
1.11367
1.16726
1.31322
1.13781
0.956762
1.02449
1.33267
1.11107
1.33155
1.08215
1.12546
1.13438
0.883916
1.17354
0.823126
0.993047
1.06827
0.999803
1.02237
0.950249
1.23546
0.928951
1.06412
1.13601
1.00338
1.01645
0.925242
1.06398
1.21449
1.29942
1.09458
1.26057
1.12239
0.95094
1.16865
0.896735
0.961628
0.892283
0.939566
0.905424
1.01217
1.13331
1.20014
1.19713
1.02951
0.95314
0.827331
1.12787
1.20133
1.04986
0.938364
1.21526
0.756543
0.950058
0.941995
1.01028
1.15011
1.06615
0.735496
1.09468
1.05792
1.05248
1.22582
1.06553
1.07488
1.09227
1.05224
1.03543
1.06302
1.16195
1.29242
1.08319
0.957083
0.985607
0.88988
1.13527
0.96906
1.07199
1.0722
0.921383
1.16328
1.02965
0.854195
1.04049
0.942144
1.04553
0.834906
1.05453
1.15291
0.814342
1.17765
1.27141
0.790883
1.18193
0.978825
1.2196
0.903774
0.906536
0.846574
1.14609
0.907612
0.984924
1.16449
1.01422
1.10716
1.07141
1.14831
1.04074
0.989615
1.25389
0.963713
1.14429
1.20959
1.16845
1.05204
0.739687
1.02495
0.796267
1.12795
0.937973
0.992166
1.35666
1.07224
1.09103
1.12826
1.04399
0.933703
0.970686
1.05954
0.861981
1.10552
0.929125
1.23947
0.962345
1.25575
0.966528
1.07597
1.03786
1.10962
1.33468
0.892338
1.08699
1.05042
1.3411
1.13513
0.759592
1.08542
0.90292
0.911018
1.18536
0.937694
1.1868
1.37912
0.891532
1.32342
0.952472
1.17792
1.1312
0.918719
1.09924
1.01325
0.995646
1.33626
1.11341
1.09336
0.904665
1.24365
0.823879
1.03831
1.04279
0.791783
1.13809
1.09491
0.971493
1.09491
1.24587
0.883677
1.17674
0.873063
0.962503
1.24933
1.05666
1.13829
1.19224
1.11645
1.34432
1.24027
1.04728
1.00827
0.823042
1.12634
0.958224
0.876342
1.28333
1.20531
1.29876
1.12406
1.22361
1.07142
1.1217
1.29932
0.991165
0.806595
1.15653
1.09679
0.993025
0.975566
1.262
1.3079
1.02645
0.907322
1.15227
1.19771
1.29933
1.00204
0.924817
1.0583
1.06483
0.963687
0.893777
1.33413
1.12121
1.16775
1.32925
1.39847
1.028
0.902335
1.01674
1.15304
1.09114
1.09494
1.21141
0.957824
1.2583
1.1335
1.10634
1.17963
0.994379
1.11856
1.13955
1.18754
1.20158
1.04104
1.20489
1.14539
1.28932
1.14633
0.775745
1.19645
0.896349
1.36288
1.13606
1.26308
1.36017
0.990818
1.15387
1.11231
1.00388
0.978919
1.00306
0.797478
1.08165
0.874841
1.16863
0.723948
0.98975
0.994624
0.83822
1.14481
0.917502
1.28981
1.26567
1.19679
0.850147
1.17555
0.999295
0.977694
0.870248
1.0387
1.14005
0.919882
1.36065
0.95677
0.899211
1.39514
1.00864
1.02375
1.31857
1.11076
0.918424
0.919951
1.16455
1.26812
1.19148
1.11846
0.994117
1.12863
0.898889
0.739105
1.21095
0.904256
1.13488
1.36913
0.770882
1.30351
1.08111
1.10399
1.11204
0.854987
0.983627
1.07698
0.949014
1.07505
1.09401
1.24401
1.18166
1.19311
0.880208
1.09421
0.768251
1.10243
1.20081
1.11114
1.15359
1.26213
1.13109
0.970732
0.777089
1.06608
1.24344
1.00912
1.31685
1.03316
0.957611
0.931827
1.10852
1.16615
0.955633
1.12943
0.931631
1.2505
1.17862
1.13045
0.751405
1.08208
0.931497
0.964119
0.897923
0.780891
1.079
1.13028
0.96109
0.937713
1.06525
1.1532
0.954705
1.05214
1.05556
1.04811
1.20735
0.88036
0.962631
1.15966
1.14693
1.21423
1.06759
0.987836
0.956564
1.31155
1.07444
1.11061
1.32787
1.20958
0.944771
0.953105
1.13865
1.02283
0.928848
1.08033
1.1401
0.911713
1.2174
1.12005
0.995376
1.12499
1.13634
1.09673
1.00208
1.15567
0.847075
1.113
1.13575
0.883346
1.08155
0.937751
1.03894
1.13756
1.21808
1.18944
1.05802
1.31173
1.32918
1.19763
1.34209
1.10784
1.00838
1.00006
0.825798
1.21873
0.923497
0.983108
0.883323
1.04858
1.01816
0.788104
1.14971
0.965413
0.92614
1.08769
1.18841
0.969407
1.14594
0.928814
1.38046
1.21203
1.21175
1.24689
1.08845
1.24236
0.918547
1.19822
0.89481
0.941905
1.04394
1.03608
1.18318
1.26398
1.32141
1.15929
1.07933
0.985359
1.09413
0.899643
1.09808
1.02563
0.876186
0.908025
1.09151
0.988872
1.1485
1.01233
1.03979
0.991229
1.07367
1.23044
0.997682
1.0028
1.24376
0.941781
1.07486
1.29692
1.20352
0.840284
0.961674
0.975212
1.2109
1.14093
1.15999
0.972304
1.05103
0.835706
1.36193
1.18243
1.09743
1.0847
0.864657
1.03207
1.34542
1.07094
1.1854
0.805113
1.03394
0.96224
1.30207
1.11019
1.2134
0.909755
1.11586
1.11205
1.23237
1.23923
1.02986
1.16367
0.893076
0.861209
1.20429
1.23586
0.771738
1.01411
1.30119
1.30572
0.943316
1.20474
0.804662
1.12297
1.27924
1.04073
0.920709
1.24404
0.962481
1.06056
1.14251
0.979514
0.959493
1.06875
1.25698
1.02646
1.14301
0.982772
1.084
1.09847
1.25694
1.20237
1.1027
1.02563
1.01957
1.33932
1.27642
0.927654
1.16412
0.852308
0.867061
0.816342
0.923514
1.16021
0.88857
0.995201
1.17589
0.987868
1.31197
1.1709
1.09665
1.04781
1.35688
1.2294
0.921547
1.03634
1.03558
0.774822
1.18312
1.0419
1.34436
1.04706
1.06323
1.06436
1.15524
1.20308
1.0505
0.817786
1.27992
1.22351
1.24752
1.06678
1.19959
0.99303
0.967134
0.769598
1.03512
1.18901
1.08406
1.03837
1.12929
1.02005
0.973002
0.83946
0.974095
0.973284
0.751993
1.06402
1.00021
1.08515
0.954367
1.33046
1.01525
1.07161
0.931353
0.783461
0.964221
1.16267
0.840451
0.81129
0.898633
1.16542
0.959953
1.05905
0.925297
1.12948
1.17671
0.922514
0.838386
0.935422
0.97362
1.16769
1.23205
1.02081
1.23054
1.11045
1.07398
0.998768
1.1666
0.97235
1.11661
1.12143
1.03756
0.812134
1.25075
1.06589
1.09358
0.831903
1.01418
0.92562
1.39165
1.08202
1.01753
1.35204
1.04893
0.978859
1.12539
0.873004
0.72378
1.08848
0.775842
0.857288
1.13842
1.2803
1.07032
1.19196
1.24684
1.30443
1.15909
1.05488
0.857535
1.07122
1.20337
1.13687
1.11116
1.22208
1.05698
0.830631
1.19546
1.06822
1.09458
1.10965
1.07967
0.816487
1.07176
0.985486
0.90594
1.09818
0.96967
1.10241
1.037
1.2355
0.984547
1.35449
0.873836
1.27236
1.1373
0.909815
1.1815
0.932689
1.23065
1.24831
0.793245
1.1516
1.00367
1.08102
1.1944
1.17269
0.764543
0.862977
0.934968
1.05357
0.845099
1.03859
1.07914
1.17431
1.18038
1.14866
1.02566
0.926559
0.78117
0.79771
1.21624
1.31726
1.21291
0.974061
1.08951
1.10952
1.18424
1.30706
1.31269
1.16863
0.896387
1.29323
1.07418
0.998458
0.955354
1.25928
0.891725
0.893949
1.17031
1.08692
0.760909
1.32005
1.13161
1.00352
0.821184
0.906791
1.06115
1.18641
1.16252
0.958004
0.990179
1.07724
0.910712
1.24606
0.966481
1.25134
1.20993
1.15196
1.23101
1.12428
1.04862
0.909712
1.28872
0.81626
0.9539
1.14599
1.15397
0.964037
1.10969
0.978297
1.18274
1.26901
1.26051
1.31509
0.844527
1.2553
0.984309
1.22519
1.15986
1.28874
0.81254
1.04436
1.3067
1.1194
0.947082
1.15538
1.23298
1.26028
1.01469
0.98576
0.961977
0.890935
1.38655
1.23422
1.35307
1.12895
1.12151
0.951683
1.03563
1.0338
0.984453
0.992875
1.14096
1.23215
0.75151
1.24688
1.0479
1.11325
1.27709
0.921424
1.02064
1.04657
1.01818
1.23893
0.979276
0.759897
1.27979
1.04366
1.02319
0.835693
1.17058
1.13882
1.20348
1.1551
1.03142
1.19311
0.816531
0.943193
1.1779
1.29916
0.964011
1.12659
1.10353
0.900942
0.987847
0.923779
1.27305
1.13627
1.1154
1.1066
0.933962
0.916817
1.08149
0.976245
1.13743
1.13067
1.12895
0.765109
1.04479
1.03069
1.00956
1.09046
1.22585
1.13189
1.07855
1.36054
1.20604
1.31174
1.04936
1.24785
1.11867
1.19018
0.82301
1.35446
1.24219
1.28071
1.02277
1.05019
0.987678
1.05153
1.07093
1.234
0.901719
0.886578
0.992621
1.20436
1.27047
1.24369
1.28888
1.08063
0.981662
0.887069
1.02206
0.931605
1.00291
0.774562
1.37475
1.23916
1.25518
0.984002
1.25756
1.24675
1.13289
0.83891
1.12132
1.17471
1.09846
1.13573
0.991942
1.13025
1.16977
1.04292
1.14372
0.989383
1.14908
0.78185
1.32165
1.13176
1.06599
1.22924
1.16409
0.947531
1.18596
0.757359
1.08777
0.901687
0.897103
1.01629
0.957647
0.919521
1.34118
0.974366
1.10759
1.15989
1.06336
1.03531
1.12557
0.950738
1.08321
1.14768
1.17425
1.04805
1.25227
1.2056
1.01528
1.31197
1.26573
1.14208
0.991289
0.881916
1.07112
1.18306
1.11387
1.02148
1.08566
0.915403
1.09326
1.15754
0.908544
1.08267
0.952687
0.838978
1.32385
1.33413
1.18494
1.34481
1.35677
1.26822
1.10916
1.33363
1.18698
1.08303
1.36501
0.863238
0.945256
0.987069
0.961934
1.19103
1.30397
1.13649
1.02295
1.00294
0.797846
1.25469
1.13045
1.27412
1.00784
1.04343
1.12052
1.12459
1.26787
1.26412
1.01527
0.960329
1.15
0.971298
1.30053
1.08285
0.881859
1.03321
0.908512
0.826236
1.16612
1.01656
0.902151
0.94218
1.25685
0.876832
0.79767
1.09517
0.931424
1.14641
0.915028
1.07791
1.08011
1.36129
0.787687
1.34208
1.11305
1.18725
1.27641
1.06063
1.08522
0.87837
1.01513
1.07261
0.955727
1.20113
1.02233
1.06359
1.24299
0.988283
1.30635
1.15519
1.04975
1.08271
1.30707
1.13037
1.2075
1.20932
0.930188
1.02467
0.936193
0.84774
1.25319
1.13998
1.26247
0.985598
0.984568
1.02907
1.02615
0.788151
0.777458
0.926004
1.15723
0.944071
1.06103
0.973131
0.989697
0.935229
1.30466
0.834043
1.11493
0.982381
1.11356
0.914795
1.10618
1.04867
0.711088
1.09648
0.898145
1.10882
1.13751
1.07213
0.733736
1.13206
1.21921
1.13213
1.05835
1.28275
1.00607
0.773014
0.967183
1.06745
1.05185
1.04964
1.09781
1.27818
1.3022
1.15732
0.894905
1.19691
0.944753
1.12157
1.28066
0.998704
0.961773
1.24365
1.12228
1.30605
1.12676
1.35084
0.9717
0.888282
1.07786
1.15777
0.890898
1.26687
1.12529
1.15291
1.16963
1.20317
0.904065
1.19027
1.06676
0.775478
1.17856
1.20952
1.14981
1.33461
0.988591
1.13575
1.22522
1.34845
1.00901
0.949422
0.778171
0.873731
1.19634
0.946031
1.04091
1.16956
1.19627
1.27769
1.10975
1.09158
1.25655
1.19107
1.12485
1.21564
1.21704
1.08284
1.15571
0.757449
1.22953
0.880193
0.987811
1.02357
1.13254
1.01342
1.05236
1.05845
1.21795
0.890463
1.10293
0.849751
0.985129
1.01185
1.09501
1.14485
0.97569
1.11195
1.1567
0.865472
1.29625
1.0314
1.2203
1.12442
1.01313
1.26495
1.14416
0.859198
1.00903
1.17058
1.26143
1.15228
1.07268
0.863281
1.12932
1.19313
1.20984
1.19587
0.862672
1.02796
1.11339
1.08546
1.06917
1.05709
0.993618
1.37582
0.966409
1.11192
1.12954
0.9288
1.03916
0.821076
1.01361
0.961764
1.02527
1.15015
1.1585
1.03613
0.850756
0.999322
1.13826
1.24021
0.782505
1.1302
0.954032
0.928815
1.21207
1.18206
1.27521
1.04797
0.794346
0.869762
1.06202
1.10636
1.18482
0.959494
1.28762
1.27945
1.00252
1.15276
1.06398
1.29396
1.27234
1.0093
0.898864
0.98876
0.87399
0.858865
1.24874
1.21958
1.03766
1.06821
1.21649
1.00244
1.04895
1.23074
0.900571
0.973949
0.773585
1.24475
1.16376
1.17563
1.15304
1.15244
1.31609
1.0227
1.18375
1.11547
1.0096
1.12785
1.30716
0.934829
1.17174
1.14532
1.12873
1.26938
0.988044
0.917537
0.987272
1.33207
1.1579
1.12764
1.26615
1.27341
1.14031
1.26761
1.16543
1.08976
1.29387
1.0814
1.01303
1.26186
1.04866
1.1495
1.2554
1.25244
1.191
0.860299
0.946717
0.93398
1.27725
1.33722
1.2496
1.12633
1.14012
1.02236
0.803051
0.974094
1.05674
0.83239
1.05695
0.938419
1.10858
1.26388
1.32974
0.800043
1.29763
0.924315
0.935284
1.01845
1.20303
0.991076
1.02285
0.979921
1.00266
0.954517
1.31096
1.03552
1.25222
1.20377
1.0872
1.13717
0.970465
0.959155
0.959783
1.27675
1.274
0.998913
1.14118
1.14026
0.716411
0.924221
0.993413
1.04185
0.938519
0.98031
1.18263
1.30861
1.12561
1.05311
0.851669
1.13739
1.35672
0.984127
1.19981
0.894604
1.14021
1.00771
0.953232
0.744561
0.964428
1.36799
1.23934
1.0608
0.844813
0.789335
0.957802
0.88155
0.897741
1.00184
1.06646
1.09343
0.895532
0.944246
1.135
0.873351
0.780022
1.10791
1.15882
0.95293
1.13363
1.14025
1.04343
1.10721
1.17179
0.927313
0.931369
0.850791
1.00861
1.09589
0.921983
1.04087
1.06493
1.11026
0.809889
0.994583
1.20298
1.13784
1.0733
1.03494
1.1679
0.974852
0.943318
0.807991
0.967072
1.1749
1.0838
0.895387
0.854764
1.01179
0.902954
1.29281
1.00375
1.18468
1.10632
1.14909
1.07659
1.3531
0.914849
1.34349
1.00618
1.06156
1.13362
1.18342
1.16587
0.915994
1.24637
1.0295
1.08972
0.959298
1.25116
1.05043
1.24387
1.04736
1.01788
1.13626
1.02628
0.949022
1.16028
1.31869
0.978441
1.21887
1.07659
0.77876
0.791308
0.93459
1.19735
1.29701
0.940376
0.944194
1.20085
1.08179
1.23719
0.868911
1.08192
0.726595
0.945472
1.21464
1.04497
1.09921
1.30992
0.897987
0.797308
1.02858
0.964313
1.26895
0.77683
1.16356
1.19658
1.04355
1.08304
1.09482
1.07293
1.2349
1.10222
1.04601
0.883612
1.10821
0.866281
0.927169
1.17153
0.976428
0.920652
0.766162
1.33071
1.22723
1.07761
0.794008
1.05724
1.12708
1.08871
1.09132
0.776713
1.11336
1.2113
1.22123
0.927714
0.907773
1.18855
1.14392
1.10357
0.986424
0.902274
1.18982
1.27087
1.05344
1.01851
1.3259
1.25246
1.08118
1.27566
0.817829
0.924231
1.27636
0.921139
1.04985
1.30852
1.18219
1.14823
1.15118
0.845132
1.09537
0.897631
1.13671
1.03719
1.06549
1.10691
0.823499
0.949311
1.12697
1.13029
1.15678
1.06451
1.2669
1.10684
1.19775
0.998534
0.848672
1.13905
1.00126
1.11834
0.927358
1.17031
1.04416
1.0695
1.20144
1.39042
1.13894
1.28
1.19545
1.2128
1.02401
1.08931
0.987072
0.859066
0.89152
1.19337
1.24778
1.07608
1.0241
0.977897
1.07655
1.25245
1.1713
1.00215
1.06935
1.19742
1.06731
0.9889
0.940439
1.0465
1.29228
1.29441
1.01502
0.90878
1.00051
1.00757
1.00758
1.19617
1.09944
1.36473
0.876177
1.24128
0.989194
1.09438
1.14452
0.891431
1.09268
1.25295
0.822318
1.30798
1.08664
0.965925
1.07859
0.986887
1.00377
0.947845
0.874637
1.01844
0.960545
0.954023
1.16692
1.15619
1.03864
1.01757
1.19298
1.2409
1.13086
1.03128
0.776332
1.07104
1.08749
0.932351
1.19949
0.979152
1.02038
1.3633
1.11017
1.12997
0.963729
0.913367
0.987772
0.973578
0.745452
1.12622
1.12247
1.12704
0.984398
1.01005
1.07114
0.838689
0.947334
1.1748
0.918018
0.882832
0.982172
1.18812
0.83975
0.940175
0.92741
1.23631
0.987089
1.27547
1.07095
1.16755
1.00535
0.867487
1.06303
0.916698
1.06301
0.973587
0.939018
1.20229
1.17685
1.07733
1.12534
1.27499
1.15218
0.972576
1.14477
1.01245
1.13776
1.16126
0.877909
1.20525
1.33885
0.826127
0.862428
0.989261
1.34872
1.23337
0.894938
1.21885
0.922317
0.887863
1.02702
1.06154
1.37087
0.919781
1.31001
1.10858
0.732943
0.847991
1.07145
1.25278
1.02612
0.90363
1.16891
1.18073
0.910054
0.942664
1.20295
1.1954
1.24431
1.08334
1.24733
0.889589
0.978892
1.03537
1.02443
1.0746
0.934411
1.18287
1.10343
0.981127
1.12918
1.00209
0.98607
1.03763
0.930315
1.07269
0.968535
1.05159
0.88563
0.994311
1.19191
1.11181
0.934007
1.19278
1.20695
0.956789
0.928368
1.18814
0.795472
1.04745
1.02131
1.17994
1.16291
1.17073
1.19889
1.20461
1.17606
1.08276
1.20372
1.1144
0.912501
1.0671
1.29663
1.03114
0.893951
1.0949
1.28986
1.14151
1.00519
1.082
0.944619
0.922864
1.09554
0.929822
0.794702
0.804968
1.31949
1.10333
1.05431
1.21006
1.27244
0.935492
0.826408
1.11159
1.22945
0.842936
1.15157
0.973336
1.02756
1.29029
1.06813
1.01207
1.03668
0.838878
1.08427
1.08406
1.24868
1.19813
0.915579
0.954306
1.12142
0.906167
0.824885
1.33508
0.79421
1.10471
1.24115
1.1972
1.11819
0.977036
0.894397
1.05149
0.972439
1.00549
1.04704
1.04597
1.25166
1.079
0.85197
0.892822
1.29873
1.09042
1.18531
1.21186
1.08569
0.944098
0.945105
0.966077
1.36693
1.08548
0.731478
1.19396
0.967353
0.858328
0.989586
1.14765
1.13446
1.11818
1.07392
1.22852
1.14061
1.02045
1.33106
1.27633
1.1387
1.00064
1.2896
0.88377
1.11936
0.928711
1.20125
1.01583
1.19897
0.980504
1.15971
1.21469
1.2818
0.894465
1.22233
0.970124
1.20473
0.957067
1.10843
0.819177
1.13109
1.1002
0.938574
1.13711
1.2272
1.12362
1.01976
1.21613
1.16689
0.762574
1.17354
1.23517
1.25978
1.07276
1.09428
0.975746
1.00099
0.927411
1.10474
1.0194
1.15042
1.07483
0.990542
0.981377
0.834075
0.939172
0.956977
0.959828
0.907199
1.18066
1.00111
0.826861
0.960882
0.996158
1.26031
1.02081
0.911798
0.957731
1.18907
0.861734
1.22269
1.07963
1.0017
1.10994
1.04961
1.15959
1.07366
1.15984
1.2879
1.18202
0.80701
1.02979
1.18252
0.998495
0.878969
1.01154
1.22987
1.17318
1.22755
1.11324
0.889205
1.05666
1.24703
0.780552
1.08247
1.25329
1.10984
1.24186
1.08327
1.05644
1.05574
0.776993
1.2155
1.14279
1.12833
0.97877
1.05092
0.77135
1.14878
1.2912
1.28589
1.07834
1.36594
1.17141
1.1159
0.931258
0.772171
1.30059
0.881883
0.883617
0.90223
1.0238
1.16177
1.09507
0.982941
0.98398
1.01093
1.01045
1.10769
1.12796
0.887696
1.32433
1.35742
1.09969
1.23214
0.983597
0.990865
1.16747
1.17141
1.08424
1.12844
1.09012
1.0154
0.851255
0.76231
0.86271
0.788429
0.857256
1.10216
1.105
1.18663
1.10894
0.952082
1.39118
1.05596
0.889899
0.937008
0.988023
1.16996
1.27851
0.98989
1.11688
1.03319
1.03462
1.28722
1.32615
1.24462
0.938076
0.817665
0.948935
1.20607
0.889605
0.888944
1.12233
0.938935
1.123
1.19822
1.13288
1.37389
0.87522
1.12576
1.28535
1.07473
1.17094
1.24604
1.14603
0.986982
0.873489
1.12505
0.837432
1.27948
1.19065
1.12979
1.20079
1.04093
1.18474
1.23068
1.10803
1.198
1.25636
1.16385
0.840694
1.19308
1.23589
1.30021
1.05645
1.28192
0.917743
0.77776
0.96046
1.26111
1.09078
0.823644
0.946418
1.06754
0.881015
1.27735
1.16196
0.942953
1.13503
0.820758
0.988853
1.17253
0.981056
0.9542
1.29154
0.987835
1.17859
0.889105
1.28554
1.15269
1.17669
1.26082
1.119
0.909912
0.900929
1.12926
0.989275
1.07394
0.855475
1.12161
1.23964
0.958424
1.02156
1.21663
1.08054
1.12467
1.12901
0.715233
0.779612
1.20872
0.989188
0.843297
1.2555
1.11359
0.781711
1.04997
0.742666
0.941892
1.29237
1.20527
1.01285
0.879373
1.27243
1.12663
0.943272
1.09282
0.858292
0.910844
1.14725
1.29554
1.06579
1.18039
1.14871
1.04637
0.977583
1.23591
0.895175
1.2114
0.964987
1.32548
1.03626
1.11472
1.15017
0.948342
0.901994
1.12669
0.882926
1.35276
1.13745
1.16424
1.09268
1.14625
0.879619
1.16504
0.925167
1.18602
0.859648
1.15041
1.20686
1.16187
0.969216
1.16009
1.02162
1.20826
0.971516
0.924525
1.21211
1.17319
1.06361
1.12125
1.01142
1.29036
0.959144
1.18594
1.28477
1.32948
1.12508
1.2649
1.18806
0.746447
1.0441
1.17731
1.04571
1.18561
1.19709
1.33551
1.24049
1.31921
1.01067
1.08001
1.13324
1.14576
0.954959
1.00907
1.28969
1.16107
1.30679
0.967164
1.33133
0.819864
0.937795
1.11657
1.03895
1.16743
1.18681
0.833502
1.05149
1.12406
1.15488
1.07246
1.0906
1.16251
1.31164
0.905637
1.06957
1.18144
0.949753
1.02415
1.19258
1.1448
1.10792
0.745559
1.35352
1.09153
1.10174
1.0226
1.02199
1.03397
0.943421
1.23805
1.02131
0.91406
1.17827
0.989256
1.18271
0.880126
1.10143
1.20839
0.948485
0.822667
1.00388
0.857534
0.914465
1.22726
0.931579
1.17506
0.919408
0.845554
1.08443
1.18589
1.34212
1.20121
1.08386
0.881304
1.11053
1.26258
1.1678
1.08302
1.07749
1.111
1.15222
1.06819
0.785443
1.23553
1.12111
1.24643
1.26712
1.24038
0.836154
1.14275
0.757213
0.926679
0.989036
0.893769
1.06685
0.888293
1.02659
0.947843
1.00983
1.04212
1.02227
1.041
1.07962
0.902822
1.16921
1.10009
1.37337
1.0287
1.12559
1.19504
1.24466
0.855264
0.848968
1.24859
0.742872
1.10554
1.30581
1.0082
1.01533
1.31695
0.813133
1.23643
1.17163
0.941558
0.932668
1.01932
0.904401
0.832564
0.874623
0.97755
1.22124
1.08042
0.884316
1.11046
1.16309
1.04319
1.10656
1.16534
1.25383
1.12213
1.16769
0.980663
0.976553
1.11416
0.926188
1.11718
0.987562
1.05618
1.13364
1.04169
1.02924
1.05535
1.29248
1.33696
1.27841
1.12278
1.15989
0.920563
0.835274
0.988467
1.00982
1.36283
0.799422
1.21008
1.07133
0.950413
1.0218
1.22787
1.03491
0.995628
1.07205
0.790482
1.1674
1.31911
1.1145
1.03732
1.1952
1.10545
1.08946
1.14901
1.14468
1.12544
1.23855
1.17185
1.00933
0.915528
1.17475
0.980531
1.06607
1.14962
1.06004
1.14191
1.20018
1.12863
1.11727
1.25249
0.948158
1.13769
0.841557
1.04735
1.28396
1.02642
1.1696
1.00065
1.02822
1.10266
1.06151
1.20302
0.906793
0.910415
1.09345
1.15784
1.18178
1.15073
0.909869
0.800247
0.797875
1.28684
1.14711
1.09916
1.1182
0.91114
1.08575
0.884421
0.909858
1.13569
1.13556
1.0871
0.949244
0.874106
1.14111
0.977918
1.13366
1.21436
0.912553
0.876592
1.13464
1.03333
1.13245
1.21146
1.23497
0.970966
1.18758
1.10441
0.938821
1.27211
1.22754
1.00918
1.33106
1.1159
0.96482
1.2211
1.22272
0.902231
1.17458
1.14855
1.14117
1.0613
1.20351
0.995525
1.03274
0.932916
1.14787
1.10516
1.33279
0.997897
1.10237
1.15467
1.33634
1.09667
0.850573
1.40736
1.05638
1.05515
1.19292
0.988957
1.16808
0.752024
1.05177
1.02301
1.093
1.18632
0.891683
0.845561
1.10413
0.828124
0.891073
1.14221
1.18927
1.16675
0.967281
0.907061
0.970439
1.03814
1.09713
1.02961
1.13685
0.819112
0.938658
1.32334
0.937119
1.23884
0.753787
1.04469
0.851637
1.23892
0.965966
1.04045
0.996984
1.01944
0.867818
1.00493
1.12662
0.955847
1.10401
1.05702
1.1006
1.03371
1.07819
1.07557
0.859139
1.08533
1.18218
1.19009
1.01005
1.00834
1.2129
1.10601
0.824335
1.20085
1.2122
1.00641
1.0171
0.939358
1.07638
1.20801
0.920121
1.11168
0.946095
1.18543
1.22528
0.926391
1.08887
1.00181
1.02883
0.906595
0.872623
1.05824
1.27477
0.942879
1.19359
1.06073
0.974353
0.927256
1.07111
1.0194
1.09612
1.16977
1.03188
1.07576
0.970849
1.04266
0.91961
0.915901
0.906073
0.775054
1.03788
1.23641
0.980378
0.79061
1.13489
1.0352
1.37291
1.25969
1.0614
0.94003
1.34403
0.820043
1.00041
1.17821
1.05932
0.88795
0.869347
1.08669
1.26318
1.04963
1.26093
0.871774
1.31879
0.895013
1.21517
1.01905
0.922667
0.855787
1.37648
0.959782
1.04506
1.20805
0.903692
1.1857
1.02807
1.12488
0.951723
1.13357
1.04714
1.0415
0.99684
1.29774
1.19744
0.936745
0.976001
0.852929
1.22703
0.920986
0.941719
1.00305
0.887067
1.06952
0.891366
0.85821
1.1116
0.832483
1.26802
1.03373
0.934759
0.829249
1.0017
1.342
1.12876
1.18467
0.968941
1.17424
1.19384
1.09496
1.10632
0.975779
1.0586
1.10602
0.940578
1.36589
1.14767
1.14376
1.22117
1.05397
0.817862
1.02508
1.32645
0.861693
1.03432
1.21573
1.3341
1.0109
1.00677
1.07544
1.31587
1.02907
1.20149
0.993936
1.29439
1.05445
1.05175
1.02299
1.11607
0.818243
1.11785
1.04194
1.09948
0.98986
0.966568
1.16246
1.30029
0.864335
1.11311
1.1214
1.33391
0.719715
1.11767
1.00644
1.15826
1.20269
1.21624
1.23922
1.13769
1.03856
1.13684
1.16354
0.939999
0.866711
1.0409
0.926628
0.971097
0.970604
0.926702
1.07331
1.08838
1.0912
0.817012
1.1601
1.2063
1.14902
1.16769
0.916307
0.883141
0.95252
1.14193
1.07817
1.21857
0.901421
1.00538
1.02847
1.12461
0.966268
1.17825
1.30352
1.29118
1.09608
1.06024
0.972777
0.866107
1.08068
1.04483
0.905587
1.27147
1.06731
1.1328
0.770688
1.09479
1.24863
1.20029
1.00013
1.01339
0.834304
1.08871
0.987971
1.05139
1.19577
1.34404
0.923549
0.836424
1.12379
1.14749
1.104
1.26209
1.0017
1.11554
0.894489
0.937057
0.791348
1.0634
1.24014
1.00674
1.10833
0.930352
0.74558
1.11203
1.18393
0.831464
0.955012
1.14363
1.11661
1.14921
1.03185
1.21651
0.860462
1.23157
1.02566
1.19498
1.01321
1.06186
1.03985
0.871639
1.0671
1.17116
0.776033
1.32623
0.773544
0.887121
1.15561
1.19945
1.05599
1.21367
1.17128
0.934727
1.1422
0.937143
0.971183
1.26865
1.10876
1.10114
1.07313
1.16162
1.18755
1.09845
1.22571
0.759627
1.01181
1.12152
0.886373
0.963548
1.27072
1.13558
1.1793
1.09863
1.20149
1.09386
0.97247
1.28586
1.04031
0.789687
0.937042
1.01103
0.978217
1.23207
1.09398
1.12995
1.10721
1.12734
0.936716
1.24948
1.12339
1.04863
0.749696
0.954998
1.2775
1.02687
0.776823
1.17068
1.03537
1.05864
1.04082
0.97958
0.948441
1.10124
1.11
1.06425
0.828794
1.07544
1.09618
1.07743
0.911951
1.02596
0.949642
0.781274
0.96814
1.22266
1.33799
1.00854
1.21137
1.23988
1.13532
0.962745
1.30519
0.972773
1.09774
1.06136
1.10874
0.972046
1.04276
1.06909
0.902946
1.21534
0.772868
1.19887
0.825016
1.19244
0.931026
0.988445
1.27368
0.994111
0.968847
1.25727
1.21857
1.12982
0.977334
0.862078
0.949301
1.00332
0.931838
1.0427
1.0561
1.08434
0.995566
0.947931
1.16777
1.02448
1.02825
1.02571
0.927896
0.858719
0.94629
1.27837
0.895018
0.917622
0.829944
1.06311
1.16933
1.24135
1.24066
1.18946
0.83356
0.887223
0.999781
1.26599
1.19976
1.00745
0.735474
1.07024
1.14376
0.748555
1.20647
1.14525
0.729707
1.20809
1.11244
1.11921
1.17386
1.25939
1.19967
1.13364
1.04651
0.94388
1.08943
1.14423
1.31747
1.15156
0.862007
0.946428
1.17419
1.19613
1.03815
1.18182
1.13248
1.22992
0.913751
0.932674
0.971733
1.21407
1.15713
1.2357
0.990156
1.2298
1.19057
0.982925
1.15576
1.27776
1.10997
1.19465
1.05508
1.12952
0.928047
1.08883
1.04507
1.24617
1.09729
1.0994
0.849113
1.0541
1.06398
0.907286
1.23767
0.934575
1.14354
0.877794
0.884639
1.27988
1.08796
1.04721
1.02341
1.14807
1.09964
0.931597
1.22004
1.04528
0.952524
0.870505
0.835721
1.04353
1.0949
1.1137
1.08651
1.09353
1.24319
1.27357
1.08601
1.12471
1.11986
1.12767
1.17519
0.836489
0.982693
0.941971
1.12833
0.849197
0.836626
0.912021
1.18811
0.947484
1.27846
1.24724
1.21847
0.938611
1.31277
0.851889
1.08568
0.988969
1.10668
1.20997
1.21235
1.31321
1.26232
0.779379
1.19504
0.837284
0.983926
1.36108
0.962106
0.996627
1.14603
1.24858
0.971235
1.09542
1.07166
1.12898
1.2653
1.0912
1.16131
1.02004
1.07209
1.26852
1.17245
1.12228
1.24152
0.962233
1.15787
1.0591
0.979521
1.16326
1.04057
0.967705
1.33862
0.962539
1.21469
1.12819
1.08835
0.96698
1.19745
1.12607
0.986233
1.1166
1.22054
1.23132
1.34504
1.02551
0.987194
0.866104
0.991517
1.05275
0.927368
1.19733
0.865976
1.11705
1.22838
1.13499
1.20994
1.09533
0.961394
1.10501
0.945584
0.938041
1.07491
0.894322
1.20156
1.00834
1.30613
1.14476
1.1141
1.04259
1.11284
1.22152
0.782169
0.94987
1.07786
0.751034
1.22288
1.18784
0.813391
0.73905
0.991869
1.06671
1.0429
1.27444
0.983133
1.08189
0.9656
1.10292
0.969921
1.02967
0.775184
1.23249
1.13377
1.02249
1.00903
1.05579
0.965745
1.15436
0.996629
0.924244
1.21445
1.02484
0.834574
1.06128
1.17761
0.853241
0.824245
1.00276
1.07069
1.00334
0.745679
1.30765
1.05671
0.965884
1.05829
1.09712
1.12312
1.19583
1.28999
1.02516
0.888546
0.890351
1.08264
1.16491
1.24334
1.08101
1.11049
1.08461
1.02598
1.1865
1.12378
1.08656
1.014
1.12932
1.19261
0.915305
1.06914
0.950148
0.953705
1.10143
0.979759
1.31629
0.759539
1.0232
1.34329
1.15902
1.08157
1.05892
1.07132
1.11205
1.23308
0.87245
0.993113
1.13652
1.37383
0.906455
1.33929
0.997919
0.994228
0.908275
1.11587
1.34226
0.896774
1.13309
1.13111
1.12439
1.04355
1.30793
0.929852
1.06135
1.03483
0.745621
1.07477
0.965307
0.990461
0.855083
1.07125
1.14734
0.862567
0.757788
0.967872
0.908914
0.997604
1.17399
0.945383
1.16815
1.09824
1.14242
0.961788
1.18376
0.975145
1.30824
1.0172
0.979792
1.24779
0.846097
1.04828
1.2617
0.876925
1.11925
1.07477
1.08469
1.08168
0.900307
1.12215
1.11664
1.0851
1.12175
1.015
0.955147
0.899056
1.0531
0.890447
0.986693
1.03413
0.73653
1.12604
0.809233
1.03789
0.970606
0.944466
1.04682
1.1389
1.19599
1.09375
0.841291
1.05736
1.2397
0.789849
0.915302
1.07414
1.21276
1.13691
0.83124
0.9069
0.754037
1.17858
1.20796
1.02295
1.24453
1.14737
1.09831
1.08196
1.22231
1.13916
0.913306
0.903107
1.0495
1.0564
1.22809
1.33127
1.33291
1.04088
0.842494
1.21599
0.940747
1.22314
1.28993
0.785846
0.976611
1.02343
0.976114
1.15431
1.07859
0.984907
1.17653
1.00277
1.08034
1.01479
1.39609
1.07103
1.16265
1.12517
0.751522
0.905219
1.16292
1.07276
1.14633
0.971709
0.970704
0.861367
1.11687
0.964378
1.2981
1.12378
1.17492
1.08252
0.954496
1.0648
1.23738
1.05383
0.928868
1.17641
0.971405
0.87854
1.07653
1.248
1.18277
1.11139
1.07008
0.87079
1.04584
1.03862
0.811163
1.16812
0.847973
1.32792
1.07669
0.978529
1.09953
1.23395
1.15295
1.12368
1.18454
1.08832
1.12938
1.13297
1.18142
1.03136
1.08438
1.25556
1.14117
1.02916
1.26594
1.16393
1.27809
1.18951
1.11723
1.09226
1.09404
1.19534
1.11721
1.33567
1.2478
0.739103
1.19631
0.895791
1.11204
0.736281
1.12683
1.07426
1.14159
0.967818
0.80805
0.925981
1.11793
0.921135
1.06431
1.0974
0.853018
1.22381
1.0741
0.999842
1.06921
1.29599
1.10406
0.778101
0.911184
1.17996
1.30294
1.28164
0.883316
1.17087
0.902162
1.20603
1.16464
1.21653
1.19539
1.08402
0.837848
1.23697
1.20701
0.841237
0.822797
0.757875
1.2164
1.09468
1.10032
1.07835
1.21633
1.10579
0.853917
1.20688
1.25059
1.21222
1.18628
1.08447
1.17348
1.09295
1.28918
1.10724
0.826644
1.23388
1.17902
1.10351
1.06212
1.12027
0.866914
0.826668
0.964112
1.30552
1.17001
0.962252
0.911615
1.15302
1.35684
1.12884
1.16907
0.914507
1.08469
1.13235
1.14916
0.717734
1.21505
0.988066
0.830109
1.16532
1.34151
1.00294
1.09583
0.923836
1.12448
1.00228
0.789099
1.09413
1.15481
0.875251
1.12437
1.11682
1.03544
1.04864
1.17869
1.0282
1.13869
1.10602
1.00579
0.96849
0.928099
1.26374
0.832987
1.11879
1.103
0.975785
1.04616
1.10602
0.946822
1.13281
1.10677
1.27564
1.06895
1.04554
1.17338
0.991343
1.19892
1.23876
0.886199
1.22454
1.20068
1.13364
1.27229
0.850425
1.07835
1.03504
1.05959
0.932845
1.15334
0.760272
1.26378
0.913325
1.23829
1.12373
0.93415
1.03305
1.0019
1.1973
1.2541
1.00479
1.23415
1.04267
1.19598
0.890593
1.07174
0.864088
1.12929
1.18892
1.31536
1.16954
1.08785
1.16132
1.11019
1.02956
1.0744
0.777494
0.964339
1.07628
1.04812
0.900517
1.10603
1.11235
1.02016
1.14873
0.916754
1.13652
1.08352
0.93453
0.996723
1.13205
1.21403
0.806469
1.05857
0.818548
1.07152
0.945567
1.20091
1.3095
1.08918
0.743435
0.924499
0.929132
1.20077
1.08793
0.887154
1.00748
1.32133
0.914033
0.802567
0.795506
1.13517
0.983509
1.1484
1.28415
0.843181
0.941518
1.09528
1.17473
1.0103
1.08869
1.30211
0.868683
0.975281
1.09554
1.21599
0.929234
1.10335
1.07132
1.16174
1.22667
1.08151
1.15325
0.95075
1.12933
1.09938
1.18225
1.10504
1.02508
0.957345
1.11181
1.05759
1.2542
1.08831
1.27674
1.11376
1.07353
0.959493
1.17814
1.2683
0.993924
1.01042
0.729814
1.31067
1.00864
1.15212
1.11788
1.2465
0.86194
1.01536
1.21749
1.24081
1.05626
1.32967
1.00038
0.947614
1.16874
0.84378
1.09016
1.2312
1.03063
1.06571
1.15206
1.11091
0.878647
1.06862
1.2683
1.32078
1.12718
1.17322
1.22529
0.918348
1.07853
0.96438
1.10068
1.31265
0.996708
1.01895
0.982148
1.12311
1.14603
1.04692
1.07739
0.908481
0.995492
1.13762
1.01945
1.08729
1.0844
0.951302
1.04913
1.15935
1.01265
0.987354
1.03097
0.931259
1.35064
1.19919
1.00833
0.946529
1.25246
1.28983
1.04101
0.853914
1.07394
1.07468
1.22294
1.09262
1.19415
1.05097
1.02062
1.38544
1.11712
1.29502
0.922107
1.1654
1.15532
1.07119
1.20657
1.02646
1.04307
0.762469
0.884041
1.02318
0.817571
1.22771
0.878479
0.98413
0.967472
1.19797
1.01589
1.10334
1.05438
0.840112
1.16935
1.32348
0.951904
0.824481
1.17484
0.933594
0.890168
1.13307
1.26313
1.33468
0.851153
1.18267
1.09211
1.17093
1.08477
1.05124
1.17259
1.05852
1.224
1.14556
1.31701
1.11121
0.900365
0.945527
1.05528
1.14576
1.11747
1.17447
1.25804
0.797663
1.01061
1.15747
1.26722
1.1376
1.03644
0.918889
1.10913
0.987708
1.12382
0.976127
1.05169
1.06689
0.900852
1.03225
1.20124
1.17174
0.840551
1.23379
0.900082
1.02854
1.10039
0.972216
1.03661
1.0445
0.973328
0.932636
0.922246
1.14256
1.07286
1.22724
1.03341
0.939171
1.26251
1.18194
1.05217
1.24525
1.18221
1.11081
0.956637
0.982628
0.933246
1.08002
1.21916
0.877618
1.2588
1.01765
1.29673
0.98658
0.987783
1.31547
0.905926
1.05248
1.08515
1.14341
1.245
0.911918
1.28326
0.756321
1.06682
1.28333
1.01654
0.812504
0.998279
1.16963
1.07261
1.00111
1.03022
1.07985
1.04327
1.14453
1.2135
1.17992
1.28166
0.757495
1.1754
1.10009
0.737333
1.26965
1.07146
1.22545
0.772115
1.08969
1.15388
0.780174
1.09406
1.21685
1.07522
1.02505
1.04802
0.957018
0.913255
0.987541
0.954936
0.805034
1.09138
0.963967
1.03428
1.09306
1.1736
0.773817
1.17257
0.869644
0.987292
0.935581
1.08708
0.792293
1.2208
0.983625
0.875386
1.29895
0.867419
1.2899
1.18299
1.12557
0.776794
0.901253
1.06753
1.15562
1.04718
1.01893
1.28175
1.2599
1.13264
0.989513
1.28043
1.2166
1.20125
1.07162
1.22599
1.16163
1.13084
0.961552
1.05011
1.12401
1.19358
1.27984
1.21875
1.23294
1.25878
1.08134
1.11917
1.06001
1.27276
1.11054
1.08292
1.13435
1.35374
1.15676
1.14064
1.28675
1.31307
1.23068
0.996504
0.977773
0.85592
1.07766
1.01384
1.23798
1.10769
1.06659
0.95504
1.08504
1.02417
1.3945
1.16008
1.13555
0.995001
1.13188
1.14491
1.12571
1.22733
1.09316
1.14547
1.17241
0.95471
1.24156
0.964982
1.08305
1.07666
1.04234
0.909336
1.29266
0.800457
1.31962
1.09349
0.857409
1.04635
1.18226
1.11812
1.17244
0.759525
1.20859
0.909575
1.06909
1.39814
1.04247
1.22796
0.86738
1.11911
1.00753
0.926172
1.11368
1.00493
1.08099
1.0734
0.904666
1.3435
0.870086
0.957475
1.02547
1.0603
0.999241
0.999898
1.01909
1.06608
0.98386
1.03317
1.07297
1.10094
0.773577
1.10333
1.04758
0.855175
0.980572
1.05448
1.27591
1.00435
0.871887
1.12462
1.23439
1.06544
0.885808
1.09639
1.04679
1.03719
1.29457
1.01538
0.913787
1.19692
1.17226
0.770715
0.800282
0.91583
1.2163
0.991997
1.07257
0.892334
0.960869
1.09789
0.860248
1.07968
1.00025
1.2468
0.82812
1.16136
1.20044
0.783261
1.05692
1.31847
0.770926
1.25183
1.22689
0.890547
0.925406
0.907987
1.01731
1.1841
0.984006
1.0394
0.970616
1.2264
1.3083
0.92132
0.904936
1.1009
1.17776
1.10511
1.03369
1.22507
0.916329
0.865952
0.951035
1.11523
1.09124
1.0254
0.964763
1.15884
1.03545
1.07959
1.00614
1.13352
1.16057
1.02187
0.759048
1.21353
1.17841
1.06467
1.19504
1.08458
1.18225
1.10925
0.900551
1.17985
1.14356
1.12714
0.949101
1.36218
1.3806
1.11327
0.902064
0.972923
1.10922
1.1745
1.10694
1.0666
1.27036
1.07861
1.1646
1.00644
1.07734
0.903676
0.772092
0.982738
1.1602
0.911151
0.93241
1.33186
1.03102
0.750979
1.01511
1.12576
1.24717
0.83743
1.03089
1.33297
1.22605
1.19364
0.938741
1.19826
0.965368
1.2921
0.920051
1.13792
1.36382
1.12722
1.29215
0.82831
1.15747
0.857259
1.14347
0.920647
1.17333
0.749142
1.13435
0.998858
0.92853
1.19738
0.990428
1.18102
1.0106
1.12214
1.05859
0.864274
1.21823
1.16235
0.909028
1.1559
0.833244
0.926224
1.14735
0.798765
1.25688
1.12795
1.20077
0.901185
0.963185
1.00933
0.73363
1.00568
1.22069
0.830061
1.12761
1.02491
1.18378
1.25073
0.865296
1.00289
0.990892
1.00834
0.968831
1.12647
1.28651
0.807039
1.00282
1.08458
0.996549
1.2813
0.979196
1.05762
1.32365
0.791798
1.2145
0.900332
1.11224
1.13954
1.16326
0.748486
1.0805
1.04769
1.10962
1.09959
1.3281
0.981536
1.15056
1.20715
1.32209
1.25437
0.930502
1.15989
0.969833
1.19379
0.94455
1.22625
1.19971
0.847264
0.803057
1.24888
1.1236
0.737644
0.89233
1.1332
0.882318
0.837815
0.912434
0.873215
1.02837
1.20688
1.08577
1.0218
1.11354
1.08309
1.07347
0.895195
0.7532
1.24453
1.271
1.18484
0.909119
1.18556
1.00862
1.23817
0.971433
0.828459
1.14781
0.949429
0.915009
1.04402
1.13068
0.994776
0.937843
1.04862
0.784471
1.08507
1.08251
1.08397
0.956371
0.98971
0.940102
0.979398
1.12121
0.995243
0.831156
1.3145
1.20687
0.812574
1.08061
1.02726
1.16289
1.01762
1.01064
1.24689
0.92585
1.20206
1.10061
1.06645
1.14137
1.09491
0.904607
1.27132
0.909695
0.858592
1.13298
0.77196
0.762458
1.36822
1.07099
0.989679
1.06097
1.1885
1.1365
1.09874
1.03676
1.06194
1.1362
1.23723
1.05479
0.897545
1.2824
1.03776
0.831549
0.941338
0.786216
1.07303
1.05517
0.964175
1.0681
0.958278
1.02569
1.01952
1.00499
0.955717
1.1219
0.890716
1.1174
1.17081
0.962577
1.0194
1.20654
0.91233
0.778393
1.01846
1.03262
1.02248
0.903615
1.28414
1.07286
1.19168
0.987123
1.25579
1.21343
1.13079
0.978485
1.04527
1.05581
1.13709
0.76692
1.01343
1.1073
0.80305
0.893993
1.14906
0.928557
1.06248
1.15548
1.03582
1.07397
1.03272
0.879332
0.72406
0.932077
1.31815
1.02522
0.857055
0.811214
1.12399
0.912017
0.971195
1.05428
1.00531
0.9838
1.08969
0.905485
1.05423
1.22832
0.972318
1.02697
1.20738
1.31935
1.08737
1.03673
1.25435
1.12245
0.779049
1.13389
1.08018
0.905969
1.23142
0.924261
1.14348
1.27171
0.825082
1.09829
1.04123
1.14272
1.35889
1.06593
1.23199
0.976211
1.23946
1.08245
1.15267
1.18792
1.12062
1.07233
1.14953
1.36809
0.810879
1.07082
1.14185
1.1355
1.26759
1.09116
0.920473
1.09299
1.16
1.03725
1.09519
1.29917
1.15561
0.854156
1.28975
1.13796
1.1891
1.245
1.07213
0.754173
1.20935
1.04502
1.16229
0.977679
1.07021
0.794657
0.995716
1.03008
1.03663
0.849372
1.01509
1.10957
1.11694
0.918594
1.34097
1.00585
1.12949
1.2137
0.90779
1.01686
0.84509
1.27042
0.905555
0.907276
0.798521
1.15632
1.1342
1.06856
1.11421
1.04593
0.744288
1.09563
1.35274
0.985538
1.24379
0.927857
1.0763
0.977725
1.06784
0.93297
1.0677
1.17308
1.29292
0.84853
1.14155
1.07071
1.12085
0.960511
0.874954
0.955872
0.871287
1.12756
0.800456
0.969516
1.09846
1.01307
0.908238
1.36998
1.19111
1.13093
0.880361
0.887595
0.911405
1.29999
1.13198
1.09868
1.04281
1.10684
1.02824
0.916445
0.893241
0.825743
1.00294
1.27725
0.997913
1.19033
1.15925
0.995043
0.975179
1.15877
1.17128
1.25613
1.07775
1.208
1.06058
0.793423
1.37137
0.94692
1.04704
1.17223
1.1666
1.17908
1.17236
1.24371
1.13655
0.957441
1.05154
1.15755
1.04414
0.83313
1.15043
0.983886
0.900878
1.2469
0.987097
1.23152
1.14776
0.949389
1.07562
0.955863
1.07197
0.881522
0.998818
1.22396
1.06864
1.16732
1.01516
1.15102
1.29676
1.14756
0.987126
0.858051
1.09078
1.02604
1.04148
1.13121
0.860599
0.939077
0.865716
1.29116
1.11618
0.95924
1.11601
1.3542
1.0967
1.01244
1.07568
1.26343
0.801902
1.21326
0.76686
1.07788
1.07376
0.909738
1.12212
1.00539
1.02589
1.26546
0.891994
0.996737
1.25843
0.849133
1.01087
1.22342
1.05398
1.23606
1.05226
1.20386
1.19661
1.29328
1.18209
0.980577
1.29637
1.27026
1.35771
1.15825
0.906056
1.07949
1.17059
1.33434
1.22963
1.04219
1.06652
0.883314
1.12453
1.04062
1.02009
1.25782
1.08229
1.21243
1.36443
0.838847
1.22328
1.24404
1.12803
1.0621
1.0082
0.940806
1.32712
1.08921
0.832181
1.13041
1.20474
0.955819
0.937204
0.818095
1.17378
1.14635
1.25567
1.06689
1.04504
1.12454
0.92296
0.9957
1.35249
1.11778
1.13384
1.22738
1.36183
0.826454
0.962116
0.847453
1.22026
1.12995
1.08399
1.06959
1.21113
1.23718
1.13429
1.18545
1.0751
1.04488
1.28437
0.831571
1.22978
1.16397
0.85463
1.22417
0.956509
1.07173
1.27405
0.960163
1.06097
1.18975
0.80288
0.841868
0.746916
1.21884
1.09461
1.29066
1.08537
0.976023
0.826995
1.05835
1.09539
0.847938
1.07957
1.18833
1.20048
1.21317
0.849619
1.01534
0.807593
0.754812
1.22899
1.32107
1.15643
1.22507
1.09592
1.0785
0.898045
0.959255
1.33582
0.886684
1.17709
1.01191
1.0037
1.17227
1.13363
1.04179
0.9208
0.896432
1.19529
1.16569
0.909131
1.18636
0.960325
1.30282
0.757827
1.27907
1.12002
1.04359
1.14762
1.07926
0.977623
1.36239
0.996643
1.19058
0.967307
1.09278
0.88343
1.03821
1.04434
0.789715
1.07068
1.02388
1.08132
0.880307
1.04868
1.11605
1.17187
1.25824
1.15004
1.09567
1.19018
1.12843
0.871366
1.2462
1.13507
0.9789
1.0471
0.906101
1.15507
1.12459
1.16375
1.0927
1.21807
1.07878
0.901895
1.26425
1.17743
0.8776
1.04148
1.09843
1.22608
1.35393
0.970905
1.09412
1.15094
0.959612
0.891856
1.22325
0.958977
0.843898
1.10267
1.21746
1.12614
1.08048
1.31995
1.26513
0.993657
1.11435
0.848498
1.33592
1.01938
1.03723
1.10085
1.0408
0.974626
0.769961
0.999769
1.19854
1.09956
1.26516
0.799367
1.02725
0.792696
0.842864
0.872501
0.966417
1.02969
0.983651
1.07668
0.844759
1.09976
1.04823
1.27601
1.10068
0.897252
1.06745
0.896211
0.972978
0.932607
1.20478
1.06354
1.09781
1.36389
1.06803
0.978132
1.00564
0.827558
1.08556
0.945354
1.14083
0.851178
1.03286
1.17722
0.903175
0.912956
0.931042
1.20447
0.969388
1.21498
0.991048
1.11439
0.956954
0.929
1.10146
0.757299
1.11247
1.02504
1.18224
0.917944
0.885329
1.26797
1.14269
1.06517
0.822917
1.31185
1.14607
0.969502
1.05224
1.09593
1.03192
1.04107
0.957662
1.16388
1.07023
1.20088
1.00772
1.14501
0.843496
1.02184
0.879252
1.13987
1.16156
1.0533
1.20055
1.292
1.14964
1.04575
0.80871
0.953202
1.15655
1.12052
0.958899
0.91879
0.846926
1.2653
1.0626
1.20055
0.842639
0.960211
1.06523
1.17719
1.27959
1.19363
1.36392
0.812451
1.11823
0.989337
0.998005
1.10344
0.931418
0.79167
1.05854
1.02005
1.0445
0.782463
1.11061
1.1551
1.17464
1.09403
1.26371
1.02174
1.13626
0.746793
0.951401
1.15276
0.902521
1.03245
1.11758
0.853105
1.12916
1.20244
1.25517
1.08696
1.21205
1.3706
1.00842
0.803549
1.19187
1.06053
1.00663
1.14679
0.842635
1.12877
1.25624
1.05032
1.14525
1.22925
1.24407
1.03794
0.927659
1.12652
1.18898
1.22066
0.879146
0.92465
0.988467
1.26646
0.944956
0.945424
1.1091
0.927001
1.14268
1.02059
1.14933
0.746903
1.12178
0.859714
1.01452
1.11808
0.802723
0.81978
1.00704
1.0232
1.12607
0.985887
1.19138
1.02499
0.924311
1.30899
1.27832
0.915201
1.07239
1.24441
0.983114
1.22827
1.096
1.2451
1.05851
0.988249
1.18987
0.999238
0.98409
1.13819
1.21432
1.17104
1.10427
1.3283
1.21313
1.22466
1.03586
1.17773
1.12971
1.09299
0.780069
1.11375
1.16605
0.799764
0.967979
1.05451
1.1123
1.10867
1.27556
0.948459
0.948276
1.04371
1.25374
1.30041
0.981626
0.97544
1.38499
1.07289
0.79262
1.15308
1.19683
0.797735
1.18615
0.814491
1.32374
1.22632
1.05378
1.3329
1.24813
1.09124
0.91283
0.957441
1.00156
1.24191
0.86031
1.14336
1.02834
0.93414
1.15492
1.11479
0.783917
1.09835
1.28033
1.04128
1.12695
0.852847
1.33013
1.09222
0.874286
0.956216
1.25569
0.905456
1.07618
1.0056
1.26321
0.903925
1.2333
0.787017
1.10259
0.850775
1.27613
1.15239
1.25797
0.867174
0.805838
0.800685
1.11909
1.38667
1.29082
1.39189
1.23613
1.34252
1.20703
1.1832
1.0509
1.11932
0.894157
1.07353
1.01184
1.25157
1.2033
1.06303
1.00936
0.838588
1.11169
0.887602
1.06237
1.04612
0.861904
1.09025
0.843068
0.911313
1.19695
1.12293
0.875382
1.11054
1.28035
0.89363
1.0567
1.07227
0.962833
0.820055
1.08389
1.04551
1.04242
1.06213
1.02871
1.13115
1.25319
1.1353
1.18149
1.10034
0.865607
1.13896
1.0737
1.12963
0.823846
0.930094
1.08701
1.15479
0.84171
1.25131
1.08872
0.890564
0.989899
1.33049
0.816763
0.728201
1.19031
1.0074
1.19464
1.06726
1.00939
1.10591
1.00434
1.0935
1.20057
0.911311
0.892203
1.03617
1.205
1.06312
1.144
1.15219
1.13445
0.906749
1.38
1.08715
1.33588
1.28051
1.0851
1.21898
0.757023
1.23463
1.09607
0.932879
1.11365
0.933386
1.12868
1.10642
0.873025
1.06056
0.9958
1.24016
1.06094
1.08737
1.14738
0.90331
0.938942
1.19923
1.19488
1.19895
1.08981
1.01491
1.02441
0.975968
1.1112
1.09953
1.21964
1.03961
1.35802
1.08963
0.933044
0.974781
0.836911
1.18503
0.933684
1.03982
1.27788
0.830165
1.27581
0.931464
1.09933
0.887647
1.33462
1.10962
1.09566
0.799246
1.02555
0.735742
1.32067
1.2707
1.14206
1.10533
1.04116
1.04249
0.829867
0.980372
0.927105
1.32007
1.07847
0.856457
1.23417
1.25058
0.941896
1.07127
1.03948
1.01388
1.22713
1.24162
1.22247
1.02365
0.768434
1.16955
1.06659
1.10818
1.19362
0.989767
1.06551
0.929732
0.820374
1.13521
1.26367
0.928167
0.954299
1.27403
0.783006
0.987726
0.909204
0.996187
1.03256
1.0512
0.80183
1.04689
0.930656
1.21308
0.967915
1.26558
0.951847
1.14692
1.25035
1.05198
1.09157
1.02329
1.17095
1.08165
1.24339
1.19927
0.962664
0.988832
0.925742
0.970203
0.938786
0.955751
1.21712
1.21213
1.09401
1.31454
0.85124
1.19059
1.11629
1.04955
1.04753
1.23529
0.966563
1.15028
1.24558
1.05299
1.15073
0.936123
1.07861
1.12454
1.10667
0.885954
1.17687
0.976679
1.16888
0.768956
0.872722
0.865705
0.739081
1.02573
1.14001
0.785742
1.13243
1.06824
0.9709
1.13988
1.16851
1.09446
1.04722
1.01271
1.13112
0.896931
0.985634
1.26694
1.15518
1.11631
1.23891
1.10181
1.32713
1.15778
1.19931
1.04217
1.08129
1.20909
1.19459
1.00943
1.15662
0.863353
1.09297
0.922294
1.1552
0.941972
0.739175
1.11413
0.72517
1.1059
0.945665
0.897113
1.2261
0.99187
1.20069
1.03782
0.911653
1.24828
0.852371
0.984242
1.2272
1.27917
0.956977
0.937317
0.966741
0.939228
1.10148
0.952694
1.12709
1.19616
1.09264
0.733545
1.31489
1.00998
1.21123
0.899921
0.97749
1.02903
1.21911
1.18066
1.19614
0.971644
1.053
1.08002
1.05218
1.0815
0.891529
1.15302
1.28784
1.22434
1.01741
1.07354
1.19571
1.08657
0.928281
0.92424
0.812105
1.16029
1.02524
0.746286
0.983066
0.755447
1.0835
1.06802
1.23743
0.909731
0.906144
1.20665
0.875278
1.36317
1.01895
0.919647
1.26161
1.17831
1.29333
1.13687
1.07893
0.985802
1.18105
1.02449
1.15434
1.26434
1.02939
0.920325
0.991009
1.12087
1.27449
1.23733
1.1046
0.906549
0.994643
1.26909
1.28088
0.956221
1.35712
1.10211
1.01545
0.765816
0.82389
1.22624
1.07101
0.778648
1.23448
0.826517
1.17196
1.35068
1.04052
0.974222
1.17673
0.804617
0.96123
0.800074
0.884841
1.33482
0.947245
1.24926
1.2339
0.977718
0.963356
0.873796
1.11145
1.18336
0.874222
0.818286
1.02561
1.09853
1.08597
1.13112
1.1219
1.09185
1.20001
1.33383
1.02866
1.0826
1.20306
1.07665
1.04745
1.02015
1.22879
1.03001
1.04555
1.13452
1.05659
0.918827
0.975537
0.953087
1.01269
0.94804
0.928938
1.15037
1.01864
1.12075
0.99955
1.00855
1.39183
1.02271
1.3756
1.11543
0.971481
1.12957
1.25063
1.23158
1.03632
1.31564
1.03089
1.22253
1.13907
1.20218
1.02509
1.12114
0.82989
0.909002
1.01875
1.23118
1.12821
0.844675
1.07736
1.25445
1.07102
1.14421
1.10346
1.16796
1.14241
1.21369
0.950584
0.784817
1.01172
1.18575
1.14063
1.15199
1.24252
1.01492
0.911915
1.0895
0.928914
1.14269
1.23552
1.12804
1.27274
1.04596
1.27954
1.07735
1.1662
1.04161
1.22601
1.03846
1.08252
0.758958
0.947336
1.01077
0.984932
1.09311
1.05565
1.14222
1.17044
1.0169
1.22849
1.02628
1.33059
1.33475
1.16944
1.16155
1.00065
0.917302
1.07608
1.1575
0.899321
1.13393
0.956188
1.02066
0.889154
1.20124
1.40524
0.996869
0.971254
1.16079
1.26072
1.30052
1.02409
0.978056
1.32581
1.1694
0.912111
0.946887
0.975589
0.889162
1.30236
0.98028
0.827211
1.01646
1.29529
0.823247
1.28241
1.29352
0.769652
0.834203
1.19051
1.23331
1.05906
1.23271
0.951458
1.23845
1.36585
0.980416
0.9721
0.967091
0.833265
1.03748
1.02117
0.938159
0.956839
0.897319
1.03902
0.761072
0.755421
1.10511
1.15664
0.878511
1.12344
1.09815
0.950775
1.09235
1.11984
1.21191
0.965888
0.86971
1.0142
1.13853
1.20052
0.787577
1.23662
0.965024
1.11133
0.790244
1.02366
1.22101
1.13267
0.899604
0.942335
1.05619
1.17604
1.163
1.10713
1.03774
1.33647
0.986584
1.11497
1.16262
1.22282
0.94991
1.15197
1.1405
0.989563
1.01668
1.13379
1.18085
1.12737
1.12461
1.20089
1.23777
0.980213
0.984176
1.02438
1.28857
1.27757
1.38926
0.950956
0.901149
0.751008
0.7973
1.27356
1.23289
0.946365
1.17349
1.36026
1.05443
1.19341
0.947575
1.01607
1.14459
0.967507
1.31913
0.866493
1.31354
0.998592
0.983503
1.26191
1.06011
0.908458
0.950817
1.30721
1.09132
1.14251
1.19716
1.06919
0.790348
1.07495
1.18821
1.00443
1.2725
1.06725
1.08804
0.816214
0.941494
1.10546
1.37579
1.2426
0.97393
1.19116
0.928156
0.988817
1.01072
1.12865
0.867655
1.01639
1.17635
1.2966
1.12429
1.05453
1.00172
1.10053
1.33817
1.10265
0.95049
1.1055
1.08738
0.806024
1.05719
0.988092
1.33801
0.873652
0.979834
1.26983
1.04653
1.15105
1.21811
1.11007
1.12516
1.09587
1.0604
0.856644
1.12546
0.847171
0.883525
0.840517
1.18697
1.09578
1.32935
1.19633
1.10736
0.93367
1.25251
1.0491
0.734966
1.16792
1.00923
1.09858
1.18285
1.25435
1.11882
1.32135
0.761996
1.01077
0.946621
1.03971
1.1745
1.13889
1.06046
1.04877
1.11594
1.15727
0.894445
0.831258
1.15577
1.23417
0.912105
1.06394
1.16321
1.04696
0.904572
1.10207
1.15813
1.04409
1.29323
1.32015
0.926748
1.13787
1.06461
1.27304
0.845448
1.15925
1.25457
1.0832
1.00046
1.09387
1.15033
0.942638
1.02525
1.33354
1.20702
0.976819
1.28225
1.15195
0.975998
1.248
0.945359
1.09733
1.04914
1.13234
1.16297
1.31708
0.721949
1.04761
1.09919
1.11798
1.00508
1.39424
0.94424
1.38684
1.17303
1.02322
1.09645
1.24055
0.969834
0.932889
1.13373
1.19942
0.905373
1.11599
1.14
0.96924
0.912843
1.22763
1.1437
0.795142
1.21524
0.807592
0.923765
0.971308
0.946681
0.976952
1.23222
0.959026
0.883039
0.798348
0.990712
1.10133
0.71864
1.15605
0.987862
1.15423
1.0679
1.27003
0.889447
1.11368
1.09122
0.879377
1.00712
1.05134
1.1183
0.879518
1.10235
0.955815
1.28819
1.19737
1.14487
0.924598
1.07297
1.08684
0.840231
1.04739
0.840021
1.32888
1.12416
1.20531
1.18863
1.22268
1.20885
1.19468
1.00997
1.07503
0.996002
0.928296
1.30858
1.05184
1.03974
1.17088
1.21075
0.900278
1.12539
1.09887
1.13933
0.824694
0.831313
0.78873
1.04762
1.19659
0.842693
1.09543
1.09343
1.2608
1.17915
1.04709
1.12874
1.26343
0.897897
1.18307
0.952264
1.0623
0.92361
1.14909
1.02192
0.997956
0.836138
0.811757
0.918788
0.890867
0.996015
1.04238
0.950752
1.18207
1.16987
1.08947
0.789278
0.996777
1.14719
1.04394
1.38063
1.05937
1.03036
0.792088
1.14057
1.00149
0.759244
1.23745
1.07287
0.977864
1.33214
1.13728
1.08828
1.06145
0.975082
1.02186
1.08089
1.21604
0.754172
1.21373
1.29236
0.918625
1.14624
0.952379
1.01292
0.864134
0.993296
0.875856
0.963173
1.18718
1.23352
1.08538
1.38421
0.966857
1.02351
1.15421
1.26794
0.79407
1.12787
1.17045
1.15657
1.31541
1.03467
1.26963
0.960515
1.18951
1.17757
1.07379
0.831268
1.35341
1.11554
1.15998
1.04655
1.08735
1.08663
0.964958
0.987722
1.00025
1.24683
1.33444
0.896868
0.95629
0.926997
0.960352
0.980167
0.921634
0.93626
1.07375
1.03698
1.17937
0.886345
0.773788
1.2761
0.777448
1.08196
1.0668
1.00948
1.26959
1.11725
1.13199
1.10153
0.880876
1.31771
1.06235
1.08392
1.26391
1.10172
1.09063
1.06809
1.26162
0.964302
0.889087
1.06724
1.03574
1.25153
1.26771
1.07391
0.916576
0.865009
0.830579
1.10397
1.31854
0.964022
0.76643
1.12179
1.35957
1.02456
1.21861
1.36978
0.776047
1.05013
1.27894
0.979446
1.26457
1.17599
0.947673
1.13933
1.09781
0.942982
1.09834
1.02874
1.08503
1.18678
1.06855
1.20342
1.06912
1.05293
1.03937
1.29078
0.982777
1.39129
1.10565
0.807198
0.960126
1.04717
0.998719
1.11871
1.04669
1.19586
1.07606
0.848414
1.00728
1.29118
1.11586
0.861334
1.05349
1.14132
1.07444
1.22859
1.13183
1.37295
0.922209
0.791238
1.1733
1.10055
1.18065
1.13067
1.0155
0.743289
0.946512
1.02601
1.18187
1.25865
0.957045
0.886568
0.910785
1.16685
1.1309
0.943553
1.05214
1.21267
0.758291
1.11483
1.04648
0.974431
1.13316
0.923289
0.995634
0.930471
1.25941
1.18067
1.13621
1.07246
1.08214
0.970031
1.21827
1.09762
1.15322
1.12859
1.2002
0.990728
1.06372
1.05166
0.909831
1.23575
1.2255
1.31995
1.2728
1.30031
0.864709
0.867633
1.11847
1.21235
0.895445
0.938171
0.953458
1.21658
1.05288
1.23332
0.749313
0.838267
1.07282
1.1425
1.07957
1.11191
1.20115
1.00574
1.02415
1.2383
0.884701
1.12015
1.10479
1.05862
1.01181
1.26395
1.28951
0.936436
0.759654
1.06995
1.07755
0.899114
0.963815
0.993834
1.35166
1.16626
1.13079
1.06617
1.06458
1.1285
1.1546
1.08116
1.18546
1.0911
0.908666
0.987575
1.23772
1.03891
1.32283
0.964139
0.858831
1.08898
1.10604
0.971703
1.18604
1.27766
1.21071
0.963652
0.897005
0.956215
1.03969
1.04136
1.21783
1.08583
1.00585
0.807307
0.974815
0.815258
1.0641
0.951015
1.24839
1.18362
1.07171
0.917845
1.07188
1.22007
1.08127
0.983521
1.03324
1.03824
1.22131
1.15632
1.29617
1.2973
1.16172
1.0467
1.15358
0.996973
1.04223
1.01442
0.881526
0.870581
1.10083
1.25329
0.751319
1.17493
1.17239
0.854251
0.907793
1.2094
0.982607
1.15244
0.959223
0.764943
1.21351
1.10304
1.09374
0.810614
1.16122
1.13095
0.878996
1.11847
0.909168
1.16659
1.16365
1.17751
0.854518
1.20361
0.978798
1.1666
1.03473
0.92036
1.0886
0.902463
1.07434
0.925795
1.05521
0.852147
1.01946
1.26621
0.860233
0.850078
1.22367
1.11103
0.98189
0.761255
1.21255
1.04236
1.22371
1.28896
0.895978
1.06659
1.24934
1.12584
0.928106
1.24087
0.913563
1.15948
1.02807
1.09966
1.14761
0.956349
1.12445
1.1772
0.86681
1.26764
1.1312
1.20184
1.3112
1.19874
1.1976
1.21511
1.03508
1.21898
1.04922
1.26363
0.800428
1.12069
1.19593
1.08748
1.22766
1.2546
1.36826
1.04929
0.858602
1.0929
1.29721
0.78011
0.881064
1.05815
1.01678
1.29455
1.10026
0.844072
0.90498
0.856389
0.836212
1.04705
1.14121
1.01564
1.01422
0.851604
0.984551
1.34801
1.13882
0.752686
1.21545
1.06135
1.05636
0.878467
0.941745
1.28502
0.971469
0.945718
0.989802
1.12223
1.14554
0.902799
1.3821
1.04019
0.951244
1.187
0.888654
1.07948
1.13239
1.16901
1.11759
1.21454
1.25664
1.17399
0.952194
1.37426
1.10129
1.22606
1.18806
0.922224
1.05705
0.96928
1.24527
0.911209
0.863636
1.01304
1.29936
1.29148
1.08856
0.926805
0.922821
0.915101
0.971506
0.798644
1.33529
0.846021
1.02671
0.873348
1.10479
1.02755
0.968374
0.899563
1.0195
1.17098
1.14503
1.19596
1.01904
1.04163
1.24157
0.99275
1.13906
1.18234
0.995228
1.04672
0.85799
1.22665
1.00643
1.02546
1.2112
1.29438
0.837375
1.11391
1.15837
1.05078
0.876042
0.988901
0.966781
1.0894
0.956889
1.20815
1.3231
0.993374
0.990847
1.33209
1.31904
1.17581
0.983955
1.05476
0.836844
1.00729
0.737514
0.918513
0.910364
1.11437
1.08427
0.891801
0.715302
0.954168
0.872968
0.911401
1.23809
1.12782
1.17108
0.832782
1.12037
0.969123
0.96001
1.16656
0.958902
1.16189
1.01853
1.13772
1.21447
1.31001
0.863114
0.945266
1.24452
0.892478
1.05223
1.11002
1.20181
0.761184
0.988493
1.27991
1.13586
0.962538
1.30571
0.930188
1.08498
0.804731
1.25628
0.988992
1.0631
1.08962
1.20438
1.02668
1.32426
0.952112
0.741969
1.26831
1.26468
1.27915
1.08998
1.22688
0.896996
1.11924
1.12624
1.03483
1.02359
0.960583
1.14019
1.07463
1.12023
1.02339
1.15248
0.787533
1.16142
1.28984
0.890976
1.10315
1.13245
0.756533
0.920439
1.11607
1.02548
1.23984
1.20805
1.00938
1.14668
0.949749
0.97291
1.01667
0.974165
1.235
1.0674
1.15035
1.23085
1.0236
1.04749
0.803109
0.813808
0.988386
1.10195
1.08621
1.1326
1.23198
1.02279
1.18326
1.06609
1.20671
1.02469
1.3617
1.17156
1.19546
1.10939
1.12909
0.947982
1.36788
1.03327
1.08647
1.23562
0.912805
1.15512
1.11864
0.971903
0.846375
1.12337
1.15056
1.08112
0.769603
0.895733
0.992566
0.877474
1.20568
0.831111
1.24922
1.06263
1.15595
1.13784
1.19798
1.18826
1.00198
1.08032
1.17555
0.906892
0.873325
1.34912
0.920902
1.07413
0.827469
0.769888
1.17672
1.08594
1.06005
1.10337
1.38273
1.0105
1.17379
0.95875
0.949821
1.23923
0.906637
1.06853
1.10736
1.13581
1.19805
1.12287
1.2992
1.18204
0.812912
1.09296
1.19569
1.33795
0.937076
1.12221
1.20644
1.02494
0.861523
1.23718
1.02281
1.208
1.09774
0.894713
0.881177
1.00419
1.26119
1.23322
0.874306
1.04786
1.03092
0.894068
1.10397
0.775756
1.18907
0.876895
1.14625
0.839258
1.14431
1.10445
0.992711
0.815093
0.96452
1.33787
1.21964
1.21158
1.18355
1.0596
1.07612
1.06585
1.15721
1.12263
0.876801
1.16939
1.12741
1.00735
1.00107
1.14064
1.1641
0.989915
1.01163
0.979228
1.07321
1.06406
1.11697
1.33569
1.06548
1.04164
1.28211
1.18852
0.936979
1.0966
1.03658
1.34565
0.811001
0.743841
0.95324
1.18353
0.930279
1.3715
1.08764
0.832185
1.1637
1.27442
1.19312
1.01745
1.20114
0.917173
1.32333
1.17394
1.10617
0.971251
1.27397
1.13898
1.03361
1.1877
0.983302
1.21224
1.20111
0.84945
0.974816
0.934449
1.09298
1.02437
1.02768
1.21565
0.8962
1.30917
1.16699
0.879238
1.10628
0.762009
1.35574
0.918648
1.18136
1.2826
0.949035
0.873876
0.911536
0.92617
1.23672
1.08018
1.09285
1.10242
1.15757
1.06702
0.950461
0.754648
1.076
1.31126
1.11277
0.89682
0.834069
1.14717
0.949812
0.993866
1.09202
1.27926
0.872941
1.2776
1.31214
1.14046
1.05011
1.25242
1.20259
0.990553
1.10225
0.934432
1.08162
1.05251
1.23318
1.13055
1.15608
1.13082
0.83625
0.845891
1.07823
1.01736
1.1397
1.25149
1.16253
0.844418
1.08126
1.23479
1.03673
1.13848
1.33976
1.26012
1.01865
1.28078
1.00956
1.22696
1.12149
1.24831
0.932476
1.17377
1.2512
1.03831
1.38796
1.0875
0.998317
0.992759
1.07564
0.913832
1.0853
1.12426
1.09635
1.12963
1.01239
0.926561
1.15712
0.836286
1.13756
1.22746
0.861557
0.932458
1.07595
0.976756
1.09792
1.23506
0.799207
1.0979
1.1489
1.28683
1.36497
1.13623
1.04498
1.30228
1.09591
1.10288
1.14489
0.814461
1.11091
1.05803
1.25931
0.823733
1.27044
0.978569
1.31235
1.19094
1.23202
0.868212
1.28463
1.05136
1.12133
1.01716
1.00398
1.23714
1.24875
1.13781
0.791882
1.12407
0.992412
0.95464
0.835653
1.17683
1.0558
0.887498
1.2419
1.02949
1.10556
1.0493
1.21828
1.20002
1.18874
1.1813
0.938704
0.947515
1.11862
1.20062
1.1569
0.928941
1.06245
0.838101
1.03478
1.00073
1.07526
1.19263
1.21624
0.997567
1.06322
1.23866
0.916644
1.35691
0.946621
1.05659
0.886377
0.999891
1.01961
1.21113
1.13807
0.911259
0.756194
1.21177
1.13616
1.05192
0.865391
0.914476
1.28682
1.16647
1.00561
1.00076
1.21199
1.18638
1.00722
1.16471
0.911648
1.08647
1.07642
1.09583
0.828377
1.27226
1.01175
1.04405
1.09079
1.13639
1.07791
0.77422
0.996908
0.846438
0.881501
1.19037
0.93004
0.947285
1.08812
1.09574
1.17842
1.19551
1.08703
1.24833
0.984069
1.1412
1.11435
1.07229
1.26779
0.860711
1.07032
1.19101
1.20081
1.2442
1.35718
1.19591
1.33849
1.10658
1.10614
1.11805
0.862646
0.953217
1.32785
1.10864
1.18916
1.01904
0.898595
0.787328
0.97766
1.29428
1.20318
1.21139
1.08539
0.769545
1.06743
1.03443
0.751462
1.04662
0.830321
1.10781
1.03419
1.10416
1.03202
1.05771
1.11795
1.02871
1.04095
1.0316
0.799181
0.83611
0.856941
1.10002
0.951373
1.07427
1.13249
1.1305
0.92784
1.01705
1.34397
1.10763
0.872611
1.05107
0.962573
1.22151
1.15664
1.16327
1.13039
1.15221
0.867652
0.840523
0.851924
1.25548
0.943072
1.08735
1.13558
1.02531
0.81335
0.979862
1.27416
1.33146
1.08669
1.36828
0.774991
0.942988
1.02151
1.12698
0.951117
1.22292
1.19351
1.01352
1.14285
1.1873
0.763856
1.28744
1.02006
1.22807
1.00613
1.29551
1.17324
0.890849
0.985239
1.0307
1.06651
1.15082
0.839056
1.23359
1.04799
1.34197
0.785941
0.987345
1.21958
1.19244
0.904289
1.0057
0.788166
1.00471
1.18958
1.04343
1.33294
0.978775
0.777116
1.05138
0.894269
1.00895
0.921554
1.15163
1.13914
1.09462
0.972049
1.19994
1.20755
1.03263
1.04488
1.08723
0.889432
1.07402
0.8213
1.10496
0.940601
0.772997
1.24204
0.931239
1.18579
0.805775
1.30894
0.869025
1.22497
1.03206
0.955788
1.04952
1.04018
1.29532
1.14758
0.910517
0.854343
1.08699
0.821041
0.982764
1.01386
0.937468
1.27173
1.29326
1.12514
1.18706
1.11646
1.25024
1.10766
0.778496
1.25802
1.17155
1.02604
0.763441
0.856475
1.25356
1.08965
1.13034
1.01696
0.740716
1.19975
1.23252
0.995474
1.20684
1.14796
1.06365
1.23368
1.0812
1.1155
1.22308
1.33815
1.06008
0.790167
0.981621
0.870704
1.18998
0.945435
0.977635
1.16264
0.851414
1.14644
1.12542
1.07829
1.05899
1.16279
1.15917
1.29294
1.18721
1.13708
1.30218
0.985244
1.12464
1.23631
1.17717
0.974399
0.919368
1.02596
1.18151
1.07176
1.30848
1.1203
1.08066
1.2388
1.05279
1.15014
1.1446
0.890208
0.909128
1.32899
1.00272
1.05127
1.12039
1.30261
0.963724
1.28096
1.06517
0.989823
1.08736
1.07011
1.1525
1.06773
1.18457
0.819081
1.1731
0.961131
0.98763
0.866849
0.970571
1.14288
0.778136
1.25144
0.947482
1.1602
1.02959
1.20574
0.833722
0.935363
0.976747
1.19379
0.8569
1.14567
1.09747
0.9522
1.13222
1.1346
1.21455
1.16501
1.13763
1.04662
1.10216
1.27743
0.977893
1.13437
1.06394
1.16059
0.867589
1.14162
1.19629
1.0982
1.25346
1.14894
0.973939
0.793491
1.34117
0.966376
1.02717
1.0621
0.89146
1.3068
0.860687
1.14111
1.31712
1.00468
1.2304
1.07853
0.887922
0.953921
0.917623
0.90555
1.29329
1.11676
0.958677
1.10833
1.19645
0.85443
0.864104
0.818598
1.29657
1.32815
1.01402
1.01244
1.02209
0.898382
1.13515
1.24924
1.161
0.847214
1.14193
1.29214
1.10498
1.05794
1.29209
0.873309
0.994685
0.907317
1.11091
1.03085
1.11584
1.27844
1.20091
1.02104
1.1272
0.884447
0.998329
0.990899
1.06041
0.981427
1.32948
0.950062
1.09578
1.15168
1.04105
1.03931
1.27783
1.00959
1.1105
1.21313
1.02474
1.31626
0.894302
0.94043
0.975554
1.08438
1.10157
1.10246
0.875113
0.843645
1.16809
0.98542
1.15384
1.16209
0.868239
1.08212
1.09954
1.04827
1.01204
0.850316
0.781459
1.099
1.07456
0.973328
0.903008
1.19089
1.10291
0.915417
1.33499
1.27586
1.07961
0.888845
0.951326
1.22243
0.927863
0.837236
1.13435
1.16592
1.00547
1.14933
1.09193
0.923644
1.06276
1.16393
0.767158
1.18895
0.817495
1.17628
1.18597
1.01981
1.33478
0.873941
1.06595
1.14592
1.18184
1.04277
1.30142
1.1089
1.32451
1.08597
1.34638
1.02666
1.30495
1.19891
1.02502
1.19855
1.31685
1.04053
0.86766
0.915624
1.08836
0.920058
1.32663
0.982867
1.08039
1.17699
0.912135
1.17598
1.08915
1.35796
1.27771
1.33109
0.788408
1.37714
0.818488
1.21476
1.10995
1.13111
0.995663
0.797813
1.14595
0.97933
1.19593
0.988791
0.964153
1.08449
1.18505
1.18382
1.18654
0.996578
0.994769
1.16108
1.20464
1.18379
1.27724
0.753026
1.20474
1.04662
1.05359
1.36922
1.22067
1.07465
1.1003
1.10026
0.974754
0.982728
0.898169
0.939914
1.21575
1.01923
1.2484
1.29553
0.862753
0.978391
1.10956
0.933077
1.24656
1.3944
1.09205
1.27676
1.18045
1.18561
0.837433
0.73642
1.23967
1.05297
1.11999
1.08618
1.00086
1.07818
1.28083
1.18842
0.982546
0.918446
1.14878
1.32952
0.945911
1.1118
1.10607
1.05957
1.08642
1.20724
0.886515
1.14123
1.09053
0.950387
0.966573
1.08746
0.96527
1.09122
0.958755
1.24608
0.947969
0.795183
0.95347
1.00659
1.00218
0.926481
0.945058
1.25262
1.27986
1.11353
0.928927
0.860804
1.24062
0.929833
0.776045
1.20699
0.903352
0.959679
1.16418
0.896551
1.16959
1.2624
1.07713
0.928366
1.03455
1.04619
1.23477
1.25921
1.05908
1.07417
1.08909
0.886455
1.04967
1.34298
1.0188
1.14097
0.849154
0.835878
0.947947
1.17779
1.16631
1.1174
1.01464
1.00844
1.34058
1.28773
0.802709
1.15224
1.00071
1.21436
0.880034
1.10008
1.16541
1.20775
1.00402
1.11548
1.03947
1.1511
0.936679
1.331
0.954637
0.900081
1.29898
1.11512
1.23209
1.07551
1.02527
1.18758
1.06177
1.28183
1.1355
1.32686
1.2127
1.01633
0.943222
1.04523
1.24981
1.33047
0.969462
1.37646
1.06194
1.04869
1.07691
0.946499
0.95707
0.837412
1.05257
1.28368
1.05221
1.07365
0.912322
1.04744
1.29636
1.06407
1.0027
0.962187
1.27379
0.962695
1.17815
1.00314
0.826319
1.26564
1.31183
1.21787
0.819002
0.811902
1.14777
1.08184
1.31185
1.08471
1.00158
0.913695
0.940399
0.995604
0.994723
0.995616
1.05155
1.10479
1.26929
0.795582
1.04828
0.962855
1.01784
0.950707
1.08472
1.37222
0.833017
1.21796
0.979809
1.15264
1.10766
1.18512
1.13054
1.10306
1.1129
1.0131
1.16138
1.22138
1.14206
0.94089
1.11432
0.969448
1.31259
1.17052
1.08697
1.09846
1.13582
0.795327
0.873903
1.07123
1.06257
0.915638
1.17825
1.21282
1.09685
1.05141
0.807698
1.35925
1.15476
1.10058
0.98344
1.24736
1.01886
0.790355
1.13395
1.00964
1.173
1.03552
0.969411
1.12003
0.997403
1.18005
1.04846
1.1779
0.964218
0.86044
1.22996
1.16837
1.03559
0.989923
1.03796
1.0638
1.13744
1.19261
0.904888
0.982263
1.26546
1.01685
1.16122
1.0087
0.759799
1.10854
1.07001
1.02849
1.19656
1.13996
0.897271
0.969929
0.86653
1.23249
1.08506
1.23863
1.01124
1.18311
1.09179
1.12371
1.0042
1.14337
0.863512
1.09678
0.856336
0.986786
1.00322
0.974317
0.892646
1.0784
0.973238
1.29858
1.2321
1.20155
1.1976
0.991248
1.23152
1.19548
1.19816
1.24553
1.09006
1.24803
1.06456
0.870718
1.23285
0.824188
1.16377
1.1619
1.0948
0.8538
1.17273
1.1162
1.23876
1.15716
1.2517
0.933451
1.26686
0.879264
1.11237
1.12192
0.955437
1.17875
1.32867
0.995243
1.26631
0.854379
1.05172
0.929479
0.916412
0.815755
1.00113
1.00002
1.29769
1.07287
1.12942
1.08931
1.0309
1.10293
1.18905
1.11496
1.12236
0.815664
0.909737
1.06347
0.803904
1.08918
1.02175
1.262
1.01474
0.999443
1.17146
1.06696
1.11087
1.08505
1.03223
0.94072
0.908527
1.01568
1.24919
1.27685
0.879608
1.25827
0.803467
1.03993
1.28393
1.12904
0.965853
1.13322
1.1081
1.27919
1.15933
1.14254
0.755074
0.910637
1.03418
1.24528
1.06569
1.12503
1.08775
0.888819
1.03906
1.20003
1.01391
0.878962
0.996037
0.954949
1.06865
1.07316
0.743616
0.779563
0.98842
1.08226
0.90302
1.19931
0.994449
1.20279
0.970049
0.975912
1.06816
1.15802
0.928811
1.16572
1.07397
0.895065
1.02836
1.28966
1.07488
0.991128
1.02659
1.09065
1.01635
0.970675
1.38131
1.09583
1.06467
1.0858
1.0934
0.897406
0.87552
0.954556
1.22982
0.831082
1.23148
1.13549
1.11305
1.14324
1.18741
1.07515
1.23149
0.997445
1.1216
1.03827
1.15611
1.20463
1.17819
0.831008
1.01767
0.771494
1.10125
1.36998
1.00244
1.33307
1.08759
1.0558
0.828906
1.1561
1.16911
0.910954
1.22905
0.935314
0.801237
1.25353
1.08502
1.19539
1.16077
1.32577
0.920073
1.28462
0.973513
1.13641
0.760394
1.03388
1.01495
1.22476
1.14598
1.02496
0.994116
1.18978
1.21843
1.09885
1.04397
1.08422
1.13853
1.29696
0.906991
1.14289
0.899244
0.89634
1.18708
1.04237
0.924625
0.988468
1.08009
1.08207
1.28346
1.14006
1.15336
0.923634
0.809337
0.830698
1.3159
0.978632
0.978454
1.31354
0.981194
1.19045
1.13649
1.22835
0.899875
1.01072
1.31273
1.0583
1.22024
0.987734
1.05451
1.08161
1.16627
1.21875
1.34355
1.10592
1.22362
0.908529
0.979527
0.834683
0.89255
1.07525
1.10782
1.05035
0.88914
0.908412
0.980285
1.07555
1.0337
1.04371
0.97578
0.978286
1.10564
0.954962
0.90645
1.15818
1.08622
1.35752
0.989839
1.07403
1.06888
1.21139
0.764771
0.940929
0.864946
1.26937
1.12774
1.29494
1.20198
1.01794
1.22291
1.32296
0.736
0.746286
1.16734
0.862533
0.773988
1.37272
0.957812
1.2445
0.832029
0.852489
0.831833
0.962893
1.24826
1.14572
0.752052
1.03689
1.20222
1.04004
1.07731
1.02529
1.12875
0.95855
1.12942
0.975429
1.19281
1.29151
1.16094
0.758065
1.28906
1.28828
1.0647
1.02361
1.00078
1.19809
0.914858
1.15548
1.1869
1.05076
1.14365
0.716888
1.39276
1.08983
1.17812
0.86765
0.910533
0.928585
1.24473
1.29397
1.14132
1.25801
0.915884
1.00337
0.867248
0.748286
1.04207
1.28531
0.880664
0.922769
0.83734
0.802334
0.800197
1.12016
1.06879
1.09033
1.26612
0.971078
1.37036
1.18164
1.27201
1.12873
1.18526
1.32806
1.08543
1.10172
1.1907
1.27256
1.0597
1.15575
1.23732
1.03936
1.29954
1.35006
1.05018
0.983261
1.31206
1.09668
0.897011
0.803612
1.12105
1.23258
0.965593
1.04483
0.986796
0.84518
1.04204
1.22273
0.868921
0.765476
0.911455
1.16852
0.855004
0.953324
1.08349
0.731615
1.0913
1.02683
0.966083
1.0304
1.06749
0.90478
0.9931
1.11955
0.831328
0.884563
0.713471
1.05334
1.12017
1.21481
1.22941
1.20129
0.921979
1.2018
0.793691
1.24017
0.920454
1.12154
1.12593
0.789754
1.12641
1.23965
1.19828
1.16319
1.22079
1.0752
1.06916
1.20788
1.09375
0.74911
0.784917
0.821737
0.895018
1.032
1.00367
1.12322
0.962778
0.916594
1.05725
0.936639
1.28199
1.03101
1.21281
0.917315
0.872679
1.39256
1.21442
1.01464
1.19308
1.20224
0.805278
0.961186
0.984793
1.10134
0.89231
1.24753
1.23926
1.18834
1.31327
0.980408
0.965731
1.0161
1.0903
0.930616
1.0062
1.14867
1.03565
1.09878
0.957003
1.1104
1.32378
1.17119
0.897415
1.26106
0.916889
1.04034
1.32256
1.01699
1.18163
1.01881
1.09234
1.07614
1.20046
1.21952
1.19151
1.06131
0.857203
1.06785
1.37257
0.960753
0.931243
0.880678
1.14773
0.779205
0.89117
1.04447
0.84999
0.710105
1.19522
1.22668
0.983005
1.15414
1.19343
1.11836
1.02971
1.07301
1.12748
1.1753
1.31697
0.898745
0.884527
1.02387
1.21918
1.1502
1.21123
1.11589
1.33661
1.24594
0.99166
1.11318
0.945797
0.926743
1.03859
0.891123
1.01414
1.30756
1.29998
1.28986
1.22109
1.28239
0.814733
0.949505
1.11898
1.03354
0.925599
0.972447
1.11851
0.901924
1.00448
1.21365
0.837347
1.15333
1.07483
1.26842
1.04488
1.08803
0.708925
1.03077
1.0463
1.14092
0.913713
1.23927
1.25295
1.17874
0.856238
0.932456
1.27198
1.25399
1.18179
0.952828
0.974486
1.05067
0.833096
1.22843
0.91171
0.847609
0.950876
1.1686
0.827061
0.909269
1.09668
1.11262
1.10367
0.919272
1.19799
0.908821
1.05163
1.28387
1.23264
1.08281
1.04707
0.868092
1.01752
1.02293
0.923083
1.12366
1.0945
1.09029
1.13748
1.06369
0.96928
1.25112
0.94663
1.28777
1.07977
1.19776
1.16514
1.00727
0.930601
1.11635
1.191
1.02872
0.804066
1.06812
0.947676
1.16334
1.11117
1.03439
1.01683
1.06197
1.20833
1.23713
1.2283
1.05464
0.970676
1.08627
1.1811
1.02614
0.885616
0.977614
1.40736
0.840439
1.09139
0.86769
0.947373
0.996732
0.881273
0.846467
1.07712
0.967836
1.1075
1.33503
1.26874
0.87613
1.22361
1.06964
0.928353
1.07899
0.912201
1.31602
1.03978
1.07916
0.952804
1.18974
1.14285
0.823017
1.13988
0.770144
0.894929
0.79169
1.26504
1.03162
0.842644
0.914531
1.11528
1.28748
1.19282
1.35432
1.11059
0.989918
1.37192
1.18181
1.20744
0.963924
1.09169
1.19519
0.92455
1.09866
0.926362
0.971539
0.746409
1.02372
0.829166
1.31951
1.01212
1.20803
1.08628
1.05554
0.943102
1.02892
1.16553
1.08188
0.99517
1.08821
1.05428
1.05493
0.966017
1.06487
1.16837
0.930525
1.11422
0.979247
0.993913
1.22926
1.00426
1.03999
1.12484
1.0319
1.04429
1.3626
0.933027
1.13443
1.10847
1.25802
1.05733
0.968823
0.880248
1.04778
0.953969
1.16053
1.21227
1.22862
1.05332
0.976817
1.08243
1.12164
1.13014
1.2816
0.980185
1.10184
0.771047
1.15112
0.918721
1.12904
1.18177
0.907694
1.02282
0.978427
1.07242
1.0244
1.1179
1.02937
0.949196
1.01129
0.925868
0.974533
0.871064
0.988421
0.808243
0.774559
1.05449
1.16083
1.03138
0.940344
1.16089
0.897688
1.16475
1.11296
1.03319
0.731798
1.0286
1.16101
1.25936
1.14981
1.33554
0.973922
1.28664
1.17845
1.20293
1.3103
1.20707
1.19046
0.998256
0.81433
1.11175
1.08744
1.11475
1.29937
0.999962
0.721619
1.09345
1.10804
0.855426
0.866489
1.15754
1.22278
1.16528
1.32605
1.33765
0.854841
1.28745
1.2921
0.922585
1.00731
0.983839
0.977311
0.998046
1.05219
1.11833
1.17267
1.24484
1.15872
1.11573
1.08945
1.07456
1.11787
1.01883
1.21047
0.932948
1.25712
0.996479
1.2004
1.04471
1.09126
1.02847
1.03727
0.921947
1.06731
0.989926
1.3402
1.17597
0.995786
0.805428
1.22851
1.07652
1.08774
1.16356
1.21005
1.28425
0.965782
1.18611
1.28711
0.944279
1.06036
0.988539
1.20317
1.18899
1.13562
1.14219
1.08102
1.16886
0.970883
0.854839
1.19932
0.834951
1.11286
1.23666
1.01427
1.07581
1.26197
0.894974
1.1334
1.37673
1.16197
1.29959
1.08311
0.866718
1.0149
1.25053
1.11091
0.957349
1.05692
1.07647
1.16841
0.995779
1.08081
1.04572
0.905091
1.05224
0.823305
1.24891
0.885932
1.11489
1.0627
1.0943
1.08766
0.80747
0.824339
0.721177
1.08763
1.26907
0.986708
1.07282
1.22916
1.09966
0.853683
1.06241
0.931837
1.04995
1.06264
0.837118
1.25422
1.0555
1.01725
1.13664
1.1985
0.974018
0.934824
1.1392
0.877661
0.854742
0.840515
0.939327
1.25343
1.02923
1.31275
1.08481
1.1984
1.30739
0.917737
0.879357
1.07469
0.964736
1.11819
1.3021
1.11143
0.913027
1.02245
0.780005
1.055
1.26098
1.08373
0.830873
1.07468
1.05258
1.15053
0.999583
1.10925
1.08327
0.983669
0.848135
1.20906
0.789384
0.960755
1.08317
0.967218
1.36709
0.969655
1.04045
0.751803
1.34187
1.0026
0.94835
1.2405
1.2602
1.18615
1.17603
0.965308
1.11554
1.1044
1.37891
0.969333
1.3304
1.15284
1.10129
1.1716
1.26356
1.10145
1.26182
1.07683
1.05006
1.12614
0.880578
1.15261
0.943702
1.16255
1.14469
0.891555
1.11031
1.02517
0.898557
0.844368
1.07725
1.07094
1.34527
1.08394
1.06723
1.10595
1.04318
1.11548
1.11521
1.01538
1.18073
1.04875
1.37124
0.902881
1.14702
0.902562
0.893177
1.1505
1.1201
1.18641
0.862349
1.08856
1.09272
0.944468
0.846734
0.982288
1.17431
1.21629
0.962437
1.04903
0.925949
0.8365
1.24662
0.911073
1.24767
0.954809
0.964119
1.08233
0.856415
1.01141
1.09913
0.884153
1.2037
1.20533
1.2817
1.06657
0.992497
0.951608
1.00537
1.2234
1.03998
1.13455
1.14783
1.26091
1.2216
1.26987
1.10705
1.25312
1.0467
1.14651
1.24743
1.27408
0.856678
1.1625
1.15695
1.26348
1.01191
0.935408
0.807485
1.20892
1.27239
0.973452
1.36623
1.20787
1.22477
1.25494
0.805997
0.716537
0.974875
0.861336
1.172
1.03964
1.08216
1.40375
0.922133
1.14864
1.02365
1.33665
1.16978
1.11925
1.16723
1.03158
0.975873
1.04964
1.20712
0.820697
0.762178
1.08716
1.09115
0.845955
1.32087
1.04547
1.01347
0.857567
1.18809
0.838556
0.839252
0.806835
0.960959
0.979427
0.96033
1.19162
1.29251
1.11527
1.21249
1.08563
0.734894
1.12127
0.974993
0.869745
1.06257
1.32106
0.971206
0.946282
1.15887
1.13334
1.05183
1.15568
0.915671
1.10262
1.07758
0.879576
1.13149
0.989723
0.959155
0.788284
1.20775
0.968578
0.875604
1.2847
1.27635
1.12096
0.835209
0.947759
1.21724
1.25405
1.1378
0.803647
0.794495
1.0531
1.00844
1.21254
1.06513
0.995674
1.21003
1.1693
1.08777
0.895996
1.07362
0.895117
1.07269
0.999865
1.2532
0.778222
1.04678
1.20065
0.815713
1.34513
1.22417
0.942174
0.929036
1.00641
0.903856
0.802804
1.0755
0.886803
0.956636
0.97759
1.05088
1.1393
1.17863
1.10557
1.24233
1.17007
1.2491
1.12934
1.07852
1.06226
0.768387
0.783854
1.03184
1.13266
0.896812
1.11861
1.08902
0.949832
1.2723
0.858848
0.986446
1.09018
1.16484
0.990512
1.21313
1.17548
1.10404
1.02447
1.05494
0.998771
1.11168
1.11333
0.999922
1.23455
1.26671
1.04156
1.2527
0.877211
1.09174
1.02161
0.762594
1.20256
0.827602
1.2011
0.894672
0.915928
0.804101
1.14378
1.22209
0.993614
0.876841
1.14941
0.807561
1.26446
1.05662
0.738247
1.10207
1.08484
1.02506
1.19959
1.20852
1.19022
1.10586
0.776817
1.34065
0.775481
1.04435
1.05578
0.780256
1.1351
1.18394
0.897613
1.08692
1.08453
1.10119
0.849088
1.06898
1.22116
1.2028
0.90151
1.32622
1.09515
0.947266
0.922938
1.26625
1.076
1.15301
0.957037
1.26156
1.29842
1.02278
1.07296
1.08861
0.823698
0.800032
1.05947
1.06118
0.839727
1.15449
0.958161
1.07821
0.910655
0.833308
1.34958
1.24995
1.22544
0.85271
1.29655
1.38576
1.17052
1.2394
1.31908
1.02615
1.23202
0.741029
0.965415
1.11892
1.11751
0.798298
1.28105
0.992096
1.15811
1.12979
1.15059
1.11954
1.26463
1.25611
0.83787
1.34649
0.955565
1.12868
1.145
1.07887
1.26896
1.29287
1.29552
0.928253
1.05972
1.335
1.1891
0.870011
1.0621
1.00676
1.26511
1.06796
1.14258
0.909543
0.993404
1.05213
1.22655
0.74032
1.20895
0.823163
0.953514
1.03857
0.886053
1.1697
0.807284
1.21184
0.996303
1.1694
1.16932
0.820529
1.00168
0.802758
1.20194
1.09976
1.01608
1.17548
0.820849
1.37386
1.20154
1.02131
1.29973
1.25946
0.928078
0.89472
1.26894
1.13005
1.26582
1.15562
1.19355
1.13137
0.8857
1.08468
1.16308
1.06329
0.860086
1.09627
0.961403
1.02876
1.0091
1.18448
0.935426
1.17982
1.12416
1.11995
1.05862
0.864497
1.16068
0.972155
1.15661
1.19641
0.909411
1.15635
1.22128
1.18504
0.816901
1.12223
1.11006
1.17256
1.16664
1.07472
0.930359
1.17752
0.984159
0.883517
1.09052
1.17901
0.969323
1.15057
0.984498
0.936777
1.06784
1.13265
1.08593
0.949944
1.14866
1.14527
1.22285
1.14475
1.14567
1.03656
1.26645
0.775231
0.816203
1.29403
1.05153
1.05751
1.12956
1.05761
1.18546
1.09272
1.24412
1.2723
1.25236
1.15736
1.02189
1.04117
0.86571
0.996991
0.902958
0.882039
0.728912
1.145
0.954506
0.932074
1.07892
1.0525
1.09801
0.775756
1.32345
1.11874
0.893408
1.26401
1.24777
1.09204
0.947291
1.24638
1.0709
1.12754
1.07324
0.809318
0.752794
1.14043
1.0479
0.797958
1.10609
0.781424
1.11607
1.10859
1.131
1.22831
1.21499
1.13491
1.15835
1.31151
0.940864
0.995749
0.979689
1.12441
1.06017
1.38135
1.014
1.13959
1.1742
0.956199
0.998312
0.954522
1.34385
1.0842
0.818488
1.02867
0.838308
1.19372
1.19727
1.11674
1.02055
1.23207
1.13128
1.10093
1.04742
1.05674
0.924738
1.10316
1.20901
1.10768
0.780769
1.20887
1.17608
0.970229
1.1654
1.01362
0.972937
1.20771
0.911348
0.986901
1.08327
1.33014
0.867681
1.23389
1.01757
1.01029
1.03381
1.0143
1.22766
1.17712
1.12086
0.824352
1.11934
0.793779
1.18499
0.898363
0.898318
0.915226
0.754301
1.23052
0.946247
1.20568
1.20721
1.32126
1.19564
1.09724
1.03814
0.819655
0.999738
1.32185
1.20061
1.27757
1.26837
1.02062
0.80536
1.05946
1.31646
0.99696
0.957416
0.958497
0.864603
0.760453
1.13016
1.20493
1.25902
1.06639
1.17614
1.14715
1.03398
1.02378
1.04915
0.976082
0.969752
1.13967
1.0089
1.07491
0.993863
0.924799
1.13861
1.11548
0.836875
0.946433
0.943525
1.29452
1.2461
1.32896
0.892191
1.097
1.16972
0.875158
0.801957
1.12705
1.21215
1.1612
1.2295
1.35463
1.21729
0.805162
0.867264
0.952505
0.889624
1.21831
1.08824
1.18983
0.898811
0.91063
1.33083
1.08674
0.879301
1.05419
0.88843
0.84193
1.09669
1.122
0.952939
1.16417
1.22412
1.19056
1.09815
0.863528
1.12113
1.04659
1.12061
1.12347
1.04877
0.996648
1.25468
0.894457
0.932795
1.05008
1.09021
1.11552
1.0536
0.983939
0.991093
0.96608
1.16274
0.885937
1.21328
0.975606
1.11598
1.21296
1.19806
0.725923
1.10261
0.816376
1.3109
1.2018
0.890979
1.07161
1.21319
1.27251
1.11777
0.943057
1.1107
1.12549
1.0741
1.10992
1.36184
1.26937
1.19601
0.889168
0.845051
1.07425
0.897621
0.964342
1.14138
0.894867
0.822949
0.998595
1.15448
0.925917
1.2098
0.976958
1.22544
0.962778
1.00157
0.782287
0.886392
1.17784
0.926986
1.24286
1.08961
1.36111
1.13876
1.00167
1.04674
1.07177
1.0701
1.24777
1.22148
1.15278
0.77391
1.1617
1.08061
1.12421
1.11031
1.06381
1.1068
1.1115
1.0863
1.31755
0.860154
0.788088
1.1236
0.873865
1.21529
0.950487
1.05237
1.11673
1.29103
0.799629
1.01956
1.10197
0.73103
1.12112
1.0371
1.01946
1.16225
1.06033
1.10896
1.06642
1.10075
1.13597
0.879587
1.16063
0.846212
1.06539
0.947532
1.23966
1.09171
0.900935
1.01661
1.06949
1.22225
1.18724
0.785094
1.21517
1.24753
1.19865
0.941555
0.988957
0.714554
0.898177
1.26902
1.13109
1.03669
1.27967
1.33248
0.950109
1.13737
1.13554
1.09543
0.838469
0.864011
1.31254
1.30873
1.07436
1.20191
1.1499
0.993945
1.11883
1.13499
1.11258
0.878233
1.33196
0.88863
1.12187
1.08454
0.97347
0.87665
1.14756
1.1788
0.792675
0.918915
1.2448
0.930174
1.01297
1.17532
1.38229
1.16084
1.02653
1.02929
1.05266
0.974058
1.21056
1.1703
1.24073
1.14173
0.820891
1.20655
1.32435
0.96873
1.10146
1.08324
1.13497
1.00161
1.15223
0.882698
1.0322
1.14716
1.20881
1.0288
1.11614
1.07196
0.939235
1.27508
0.85521
0.994871
1.1926
1.03173
1.03293
1.02111
0.807529
1.14359
1.18706
1.07173
1.08482
0.986037
1.02943
1.13091
1.2461
1.25392
0.933363
1.22143
1.27796
0.905501
0.846174
0.926801
0.965889
0.858763
0.824881
0.963518
0.904901
1.14354
0.839123
1.04627
1.28626
1.00419
1.07247
1.08378
1.21665
1.21155
1.17484
1.15262
0.928294
1.09312
1.02
0.790737
1.37452
1.02648
0.998841
0.810755
0.849307
0.764962
1.09086
1.01362
1.16652
1.06351
1.14109
1.31585
0.97903
1.12106
0.917965
1.24597
0.759115
1.24912
1.08515
1.04677
1.32588
0.80374
0.9522
1.21753
1.13157
0.778865
1.08846
1.00292
1.06124
0.944345
1.10605
1.13273
1.08618
1.03736
1.19058
1.00132
0.950437
0.850227
1.00321
0.986003
1.27047
1.02473
1.1133
0.808272
0.830667
1.3479
1.12596
1.0091
0.870309
1.1035
0.941933
0.962232
1.11932
1.09522
1.16411
1.06357
1.08033
1.07117
1.1876
1.29659
1.29085
0.951743
0.985905
0.815031
0.88796
1.1974
1.08097
0.838694
0.943948
1.30287
0.919074
0.899155
0.833919
0.980235
1.14739
0.930927
1.16223
1.2969
1.0361
1.12964
1.16008
1.23261
1.15173
0.838468
1.04874
1.11805
1.19298
1.16172
1.03854
0.924722
1.12057
1.03896
1.18782
1.14793
0.904208
1.08542
1.10039
1.13863
1.02089
1.04419
0.795281
0.845855
1.19173
0.940068
1.24374
1.19688
0.878089
1.03164
1.07503
1.06579
1.04742
1.14822
1.37803
1.13653
0.856553
1.12262
1.06301
0.841033
1.15889
0.967043
1.17919
1.08272
1.19673
1.14008
0.95173
1.2331
1.08078
1.09297
1.13257
1.0162
0.968516
1.07147
0.948478
1.2763
0.928557
1.20378
1.31227
1.01455
0.87846
1.13562
1.21756
1.11352
1.16244
0.764829
1.24964
0.778552
0.937015
1.17322
0.770701
0.965366
1.139
1.0746
0.937385
1.0881
1.05537
1.32595
1.00845
1.16637
0.894495
1.09869
1.0546
1.22801
1.11367
1.09674
1.1518
1.33942
0.907502
1.15018
1.13533
0.897807
1.07444
1.07763
1.08115
1.13729
0.947515
1.27917
0.992433
0.888014
0.78568
1.11063
1.01908
1.38304
1.18742
0.887939
1.31202
1.24449
1.13203
0.914452
1.22852
0.990991
1.12083
0.967155
1.22489
1.23621
0.905079
0.840066
1.06394
1.04802
0.932005
0.782825
1.11988
1.0735
1.02246
0.789663
1.16359
1.16882
0.95217
1.26601
1.06276
0.947663
1.01397
1.119
0.847462
0.790349
1.10044
0.848368
1.13328
1.13853
1.27985
1.20962
1.03633
0.937022
1.14913
0.876698
0.996741
0.984639
1.08339
0.801464
1.12744
1.24683
1.04943
1.17492
1.09858
1.1588
0.881022
1.20839
1.01749
1.10531
1.04777
1.24288
0.856004
1.03401
0.841474
1.24332
1.12199
0.98946
1.02275
1.04244
1.07404
1.07969
0.831261
1.07291
1.22503
1.14923
1.24431
1.0623
1.08357
0.851019
1.06489
0.811157
0.986925
0.861767
1.3884
1.25565
1.16584
1.14384
1.20226
1.11058
1.12578
0.799753
1.26115
1.11675
1.14903
1.10909
1.05447
0.93729
1.11205
0.936721
1.24069
0.920092
1.14021
0.989308
1.05268
1.31538
0.93192
0.892761
1.06474
1.31659
1.33513
1.2257
0.958808
0.864155
0.72522
0.987221
1.06592
1.13146
0.814904
0.775638
1.33771
1.24322
1.26456
1.16144
1.06559
1.0884
1.00632
1.03171
1.17818
1.22898
0.84253
1.04831
1.26188
1.17896
0.82814
1.22237
1.01952
1.2309
1.17734
1.28768
1.01988
1.2362
0.830384
1.04911
1.24367
1.15606
0.922414
1.10177
0.944009
1.022
0.893266
0.848765
1.15834
1.07318
1.11445
1.23794
1.13373
1.25496
0.962858
0.947656
1.08598
1.10259
1.15067
1.02817
1.23556
0.912507
1.14005
1.10079
0.790668
1.08256
0.969866
1.06866
1.09603
0.873114
0.966663
1.16729
0.746252
1.21277
1.16993
1.04468
1.2689
1.27912
0.874096
1.30152
0.832154
0.928622
0.876639
0.940766
0.866969
1.16601
1.22106
1.25933
0.806139
1.15566
1.22535
1.18768
0.797215
1.12003
0.823313
1.08277
1.11958
1.17811
0.924045
1.07218
0.856617
1.07803
1.07661
1.04691
1.00926
0.837771
0.986288
1.02377
1.10379
0.8394
1.08614
1.12007
1.24144
1.0666
1.22787
1.01039
1.18251
1.04053
0.881771
1.34414
1.23346
1.07819
1.29008
0.732384
1.12593
0.995776
1.05681
1.12089
1.2258
1.12751
1.23344
0.883891
0.92421
1.00036
1.03697
1.00531
1.17064
0.791743
1.14247
1.01361
1.14054
0.959798
1.11571
1.32642
1.31811
1.0939
0.944219
1.28553
1.14643
1.17794
0.921945
0.808802
1.09221
1.31438
1.28661
1.16872
0.998503
1.25416
0.763855
1.07654
1.08848
0.931406
1.24251
1.31932
0.945013
1.21891
1.0628
1.21165
1.28856
0.938115
1.31062
1.25158
0.993944
1.07974
1.37387
1.21342
0.942634
1.19001
1.07475
1.1978
1.02978
0.938835
1.20423
1.27733
0.896599
0.977925
1.26007
0.802644
1.2408
0.951127
0.968498
1.18877
1.13146
0.912219
1.1318
1.11413
0.875026
1.15006
1.12726
0.952368
1.04267
1.12435
1.27293
1.15448
1.10698
0.908024
1.09026
1.14962
1.15521
1.10074
1.20439
1.35021
1.21031
0.791546
1.19716
1.16135
1.22969
0.947339
1.13705
0.881121
1.13278
1.25273
0.975692
0.943651
1.03507
1.35832
0.784438
0.853188
0.964541
0.875071
1.00356
1.25013
0.864881
0.912101
0.811995
1.2232
1.05725
0.958771
1.11092
0.938587
1.22763
1.03078
1.3668
1.09458
1.07026
1.11363
1.16623
0.756566
1.40375
1.05958
1.17022
0.933307
1.11784
1.2221
1.01629
1.26178
0.902553
0.976383
1.367
1.32314
0.88819
0.761103
1.13902
1.18176
0.898668
1.30132
1.33867
1.06705
1.20989
0.731498
1.09483
1.19269
1.1116
1.03857
1.08943
1.12046
0.958716
0.739105
1.29212
0.961886
0.83084
0.964549
1.00116
1.07954
0.889146
1.21166
1.1345
1.22343
1.08347
1.04526
0.960498
0.953672
1.02832
1.3459
1.10524
1.27223
0.993008
1.01667
1.01692
0.935489
1.34852
0.871558
1.0926
0.939833
1.38542
1.10674
1.0423
1.15567
1.27407
1.22152
0.939441
0.837316
0.801547
1.04349
1.13421
1.12327
1.08654
1.03528
0.771643
1.0603
1.17401
0.879717
1.09378
1.11289
1.09923
1.08388
0.913248
1.07983
0.918786
1.32282
0.995217
1.13306
0.765604
1.05989
1.07907
1.1033
1.05383
1.09703
1.33328
1.18211
1.13391
1.13181
0.809585
0.90158
0.924597
1.34125
1.0377
1.08229
0.894423
0.747725
1.11042
1.27051
1.25361
1.01128
1.2781
0.872369
0.794707
0.978046
0.956965
1.0704
1.09402
1.11128
0.778653
1.07632
0.985266
0.852371
1.14255
0.931377
1.0729
1.18121
1.12175
0.982315
1.00561
1.19651
1.15327
1.08682
1.15935
1.37889
1.28028
1.0644
0.964839
1.14499
1.01459
1.17647
0.975349
0.98611
1.0695
1.15686
0.966511
0.768372
1.06098
0.863607
1.28286
1.1391
1.36186
1.21184
1.0118
1.02357
0.982283
0.8555
1.15973
1.07202
1.01423
1.2292
1.23005
1.20768
1.16926
1.02731
0.910918
0.906576
1.07178
1.08353
1.25775
0.944153
1.07233
0.895317
1.22594
1.30544
0.720167
1.24867
0.996029
1.28522
1.22047
1.26216
1.09265
1.1067
1.24291
1.0597
1.01892
1.15517
1.21909
1.04741
0.772059
1.08284
1.10686
0.967755
1.28729
1.04257
0.891051
1.02026
1.09493
0.994717
1.22028
1.25873
0.860513
0.801896
1.136
1.11685
0.889445
1.22062
0.862806
1.08564
1.21281
1.00191
1.2431
1.12314
0.999085
1.08113
1.33646
1.31579
1.09618
0.829525
0.953609
1.10166
0.97462
1.05345
1.03351
1.11896
1.03714
0.711769
1.21961
1.35174
0.804436
1.33179
1.22901
1.11516
1.08642
0.911332
0.859952
0.775049
1.34765
1.21134
0.927814
1.27601
0.996414
0.933144
0.860538
1.14871
0.949333
0.902201
1.00843
0.993189
1.13199
0.863363
0.907779
1.1263
1.00984
1.20342
1.31185
1.03176
0.945442
1.18462
0.896316
1.03688
1.0912
1.21998
1.31521
1.04342
0.829491
0.799312
0.903705
1.12232
0.980499
1.10946
0.987101
1.14933
1.08504
1.14127
0.82903
0.745241
1.17996
1.03091
1.00243
1.15556
0.828928
1.29917
1.04129
1.07848
1.07667
1.21249
1.09033
1.15036
1.02897
1.24674
1.31052
1.27645
1.16839
1.1127
0.875699
1.2434
0.991531
1.03803
1.17395
0.939033
1.38844
1.22944
0.814441
1.2623
1.19054
1.03428
0.90191
1.14737
1.25976
1.34515
0.962487
0.998618
0.989158
1.02285
0.991367
0.871753
1.245
0.827053
0.808977
1.09321
1.16151
1.14337
0.970875
1.29359
1.19426
0.804511
1.05644
1.1806
0.81766
1.08341
0.939951
1.07421
1.09571
1.28872
1.16523
1.05017
