0.704836
0.700669
0.69847
0.702749
0.706002
0.699937
0.699561
0.70282
0.704479
0.701954
0.701547
0.703086
0.703868
0.702034
0.704228
0.707056
0.700356
0.702852
0.70091
0.705259
0.702367
0.702077
0.70078
0.702366
0.699592
0.704232
0.701887
0.696249
0.698615
0.705684
0.701401
0.701989
0.705364
0.701102
0.700426
0.70017
0.706312
0.705186
0.704217
0.700936
0.705089
0.702072
0.704641
0.701896
0.705036
0.697655
0.699687
0.700015
0.699347
0.702026
0.704609
0.701455
0.700122
0.703947
0.703376
0.703476
0.702027
0.697295
0.70341
0.701776
0.704918
0.701481
0.699148
0.701986
0.704875
0.705796
0.702503
0.70193
0.7008
0.702094
0.702832
0.702598
0.703503
0.700972
0.705603
0.702509
0.703079
0.703529
0.706882
0.705427
0.7017
0.699593
0.700918
0.70277
0.701663
0.700017
0.701991
0.699466
0.702807
0.704959
0.69862
0.704777
0.704738
0.703107
0.702687
0.704783
0.705465
0.698507
0.703819
0.703452
0.703753
0.704002
0.704599
0.698627
0.70259
0.701797
0.701357
0.704823
0.706206
0.703443
0.70246
0.702885
0.701944
0.700445
0.700857
0.705719
0.704201
0.702887
0.705588
0.704109
0.701737
0.702088
0.703763
0.705155
0.705587
0.704827
0.705809
0.704682
0.703372
0.704609
0.701978
0.703422
0.701298
0.703779
0.702158
0.704389
0.703153
0.705793
0.701853
0.700263
0.703447
0.70644
0.703155
0.702026
0.699083
0.706003
0.705065
0.70338
0.704255
0.702
0.702856
0.701909
0.70441
0.701348
0.700346
0.701494
0.704768
0.701035
0.704622
0.701761
0.701893
0.700724
0.702342
0.704764
0.706045
0.705206
0.704776
0.698126
0.706143
0.705611
0.70244
0.70557
0.70225
0.701462
0.70043
0.703848
0.701428
0.703449
0.70642
0.705053
0.705816
0.704287
0.702183
0.703932
0.705131
0.705289
0.702508
0.702513
0.699171
0.703932
0.698552
0.702488
0.705047
0.702395
0.703129
0.702312
0.70256
0.705079
0.700146
0.699544
0.70395
0.701232
0.702602
0.702538
0.706335
0.702396
0.70444
0.702988
0.69979
0.702979
0.7026
0.700194
0.705061
0.705251
0.698098
0.7035
0.701384
0.69935
0.704214
0.703225
0.706302
0.704827
0.706167
0.699953
0.704385
0.706448
0.702988
0.706511
0.704843
0.699374
0.699717
0.699595
0.703835
0.698366
0.701963
0.705105
0.699682
0.707085
0.702348
0.70472
0.702887
0.700775
0.703762
0.702612
0.705414
0.703763
0.70236
0.700818
0.699953
0.698003
0.703372
0.699542
0.705078
0.706416
0.703999
0.704726
0.704831
0.70377
0.697196
0.701496
0.704449
0.704663
0.700442
0.696647
0.701575
0.705578
0.704385
0.703826
0.699995
0.70187
0.704028
0.701554
0.702401
0.703253
0.702367
0.704195
0.701117
0.701832
0.7027
0.702888
0.704107
0.701522
0.706337
0.705945
0.700379
0.70126
0.705571
0.700186
0.699592
0.703832
0.701561
0.70438
0.702944
0.70347
0.700372
0.696979
0.702403
0.703659
0.700581
0.703926
0.70387
0.701925
0.696475
0.698255
0.705512
0.701543
0.703398
0.702596
0.704259
0.706579
0.70141
0.703611
0.703739
0.701912
0.69865
0.701747
0.701297
0.7036
0.704691
0.698946
0.703925
0.70281
0.697206
0.699773
0.703943
0.702214
0.703459
0.70519
0.702026
0.700234
0.697987
0.706974
0.701804
0.700719
0.703869
0.704572
0.699121
0.700591
0.704788
0.705696
0.700236
0.701595
0.705404
0.701961
0.701969
0.70585
0.703184
0.701933
0.70181
0.699439
0.704437
0.702808
0.704131
0.704154
0.700628
0.704847
0.704959
0.701138
0.704537
0.703953
0.706068
0.699836
0.699561
0.705665
0.702437
0.705522
0.697748
0.697568
0.700441
0.704617
0.70207
0.702643
0.699591
0.697168
0.6991
0.706019
0.700156
0.698185
0.704216
0.704888
0.703431
0.704706
0.704368
0.70552
0.702128
0.700573
0.702
0.696345
0.701191
0.70004
0.705945
0.704062
0.703642
0.699654
0.704788
0.701444
0.702427
0.701666
0.700608
0.70061
0.698447
0.704475
0.704305
0.702725
0.705724
0.701799
0.703761
0.702802
0.702087
0.704241
0.70416
0.703307
0.700597
0.705336
0.702311
0.705008
0.701096
0.704374
0.703847
0.704751
0.70635
0.705268
0.698934
0.701211
0.703404
0.704615
0.701494
0.698028
0.702359
0.704566
0.705896
0.704087
0.702249
0.706191
0.703456
0.699242
0.701926
0.705626
0.701025
0.701492
0.700525
0.705147
0.704836
0.703797
0.703686
0.705176
0.696012
0.703997
0.705511
0.701062
0.704051
0.703997
0.701405
0.701341
0.701098
0.70087
0.704812
0.705777
0.696382
0.703525
0.701767
0.702829
0.702938
0.705548
0.701055
0.701767
0.705703
0.699393
0.701647
0.694172
0.702525
0.697006
0.706013
0.704284
0.703619
0.701554
0.705129
0.701258
0.701444
0.704917
0.702962
0.705887
0.702464
0.70241
0.700877
0.705396
0.705447
0.702694
0.701523
0.701102
0.704196
0.705015
0.701609
0.701113
0.705272
0.702887
0.702801
0.703763
0.701199
0.705562
0.699459
0.698383
0.698431
0.702922
0.702019
0.701264
0.697106
0.702748
0.703991
0.704914
0.701484
0.698433
0.702136
0.705661
0.702057
0.696432
0.698044
0.699606
0.701908
0.703232
0.701635
0.704958
0.701397
0.698686
0.706172
0.702544
0.702571
0.699248
0.702383
0.704741
0.703148
0.706737
0.699135
0.701638
0.703625
0.700907
0.702719
0.698835
0.699331
0.699365
0.702331
0.698993
0.697332
0.701394
0.703844
0.700349
0.704627
0.698287
0.701398
0.700446
0.703126
0.700923
0.701655
0.700946
0.700386
0.702514
0.704412
0.704049
0.701526
0.697301
0.706284
0.703258
0.7042
0.704917
0.702236
0.703758
0.704788
0.704541
0.704679
0.705372
0.70274
0.704195
0.705061
0.702578
0.702347
0.704099
0.70591
0.701338
0.702564
0.702115
0.704763
0.701138
0.704255
0.695152
0.700348
0.701597
0.704073
0.70225
0.700939
0.70024
0.699976
0.701377
0.702086
0.697955
0.702359
0.698526
0.704899
0.705867
0.698886
0.702204
0.70458
0.705159
0.701793
0.704664
0.702295
0.705151
0.699829
0.704278
0.702467
0.704073
0.698934
0.701099
0.699364
0.70253
0.704018
0.70386
0.703134
0.70172
0.700828
0.702663
0.701969
0.704548
0.703431
0.703827
0.698415
0.70281
0.702501
0.70619
0.703092
0.704321
0.704834
0.701385
0.701112
0.700953
0.705536
0.703043
0.702431
0.704506
0.70305
0.69981
0.703378
0.703338
0.703171
0.701932
0.701207
0.695882
0.702292
0.704663
0.70427
0.705571
0.701522
0.704041
0.706592
0.70312
0.703776
0.700843
0.699641
0.705831
0.700555
0.69961
0.697238
0.70187
0.70391
0.703571
0.702302
0.706102
0.705127
0.705394
0.698799
0.703839
0.704902
0.699446
0.702562
0.701427
0.704762
0.698814
0.701902
0.70256
0.702224
0.700475
0.702868
0.706349
0.702093
0.705351
0.700201
0.705919
0.697223
0.703099
0.70381
0.700648
0.703802
0.700626
0.704628
0.701666
0.703885
0.702492
0.704466
0.699306
0.705656
0.702749
0.70017
0.702357
0.703609
0.703023
0.705216
0.704797
0.701384
0.704025
0.697602
0.702108
0.699629
0.700522
0.700332
0.701544
0.699603
0.705152
0.704053
0.703449
0.702659
0.701731
0.700983
0.702648
0.705265
0.705497
0.704612
0.704736
0.702121
0.699699
0.696276
0.705664
0.700693
0.705148
0.702032
0.706203
0.701945
0.702832
0.701829
0.699285
0.706333
0.703582
0.699709
0.696941
0.70447
0.702054
0.701991
0.700083
0.703402
0.704008
0.70219
0.701209
0.702357
0.703712
0.706365
0.703875
0.704753
0.706011
0.704453
0.701632
0.702611
0.701636
0.704094
0.705706
0.702479
0.700292
0.704325
0.703112
0.704125
0.699484
0.705779
0.704784
0.703445
0.702439
0.702862
0.699524
0.700968
0.701933
0.702814
0.701749
0.700279
0.70023
0.70504
0.702823
0.700751
0.704188
0.705684
0.702714
0.701681
0.700576
0.703944
0.701665
0.704324
0.704471
0.70109
0.70335
0.704876
0.701694
0.704249
0.702921
0.700758
0.701376
0.697012
0.700284
0.705592
0.700819
0.705201
0.706326
0.705986
0.702438
0.701748
0.704552
0.70408
0.703193
0.705749
0.703177
0.702424
0.703559
0.701412
0.700217
0.704361
0.700079
0.703814
0.699523
0.701577
0.7022
0.70467
0.703345
0.703388
0.70229
0.700243
0.698372
0.701133
0.701178
0.699754
0.70601
0.701864
0.706689
0.699048
0.698914
0.706339
0.698133
0.701823
0.705082
0.702932
0.700194
0.698853
0.702908
0.703406
0.703368
0.70188
0.69881
0.700951
0.704602
0.704251
0.704556
0.703249
0.701728
0.704327
0.699589
0.700064
0.703669
0.701141
0.706673
0.700523
0.702866
0.705473
0.703686
0.701132
0.704062
0.702309
0.703529
0.701122
0.704979
0.701996
0.701525
0.701176
0.700251
0.703813
0.704643
0.704232
0.705402
0.705188
0.706045
0.705032
0.699808
0.700599
0.704008
0.70614
0.700522
0.697844
0.701443
0.70491
0.704023
0.702804
0.701842
0.702359
0.703806
0.702548
0.700669
0.702476
0.706606
0.701699
0.706616
0.696178
0.705077
0.700646
0.697551
0.699534
0.697643
0.704378
0.703672
0.700822
0.700998
0.703746
0.698964
0.701513
0.704496
0.703656
0.698026
0.703957
0.703685
0.703493
0.696382
0.701742
0.698803
0.705733
0.704914
0.702577
0.703795
0.702899
0.700956
0.702915
0.699198
0.702605
0.703957
0.700606
0.704794
0.704971
0.700149
0.701738
0.706316
0.705806
0.701941
0.701258
0.703578
0.700386
0.704912
0.704587
0.702829
0.702769
0.701805
0.701878
0.698499
0.700036
0.705404
0.70331
0.703155
0.700985
0.706774
0.705207
0.697892
0.701369
0.704595
0.702314
0.703475
0.705398
0.701252
0.6993
0.701238
0.701512
0.705367
0.705368
0.697802
0.702685
0.702932
0.700312
0.703431
0.701974
0.703547
0.702237
0.699797
0.701002
0.705711
0.702628
0.698594
0.703241
0.703244
0.700668
0.706006
0.701017
0.7021
0.70084
0.702528
0.704271
0.700896
0.704101
0.703852
0.705231
0.704356
0.702872
0.702901
0.705173
0.7059
0.706994
0.70195
0.706875
0.700109
0.705001
0.70378
0.703921
0.701515
0.699015
0.701652
0.703356
0.705462
0.704954
0.704079
0.702949
0.70439
0.705792
0.705022
0.703361
0.704882
0.704316
0.702859
0.706545
0.700364
0.704278
0.70035
0.702056
0.704494
0.706518
0.699275
0.699584
0.704399
0.70193
0.703701
0.704732
0.70542
0.703987
0.701396
0.701189
0.703492
0.706541
0.702746
0.69804
0.703221
0.700926
0.703471
0.702874
0.70017
0.702559
0.703645
0.702017
0.704007
0.701194
0.702512
0.701265
0.702565
0.703948
0.703669
0.702668
0.701992
0.699466
0.704112
0.703251
0.703253
0.702447
0.706167
0.703307
0.703489
0.703221
0.702554
0.700004
0.704475
0.701157
0.702988
0.697519
0.70081
0.701038
0.704115
0.702236
0.704719
0.702194
0.701429
0.705001
0.70251
0.702673
0.70613
0.705023
0.70361
0.699959
0.701921
0.705365
0.70191
0.703128
0.704073
0.702705
0.701774
0.702948
0.702431
0.699707
0.696184
0.699483
0.70226
0.699067
0.703357
0.705417
0.70385
0.697384
0.706511
0.699101
0.702347
0.702151
0.706342
0.70312
0.703116
0.706587
0.705868
0.700802
0.698543
0.699901
0.698852
0.704112
0.700762
0.70422
0.70537
0.701014
0.698517
0.69952
0.700904
0.702223
0.702245
0.7035
0.702904
0.702644
0.704835
0.703189
0.699181
0.702316
0.703607
0.704192
0.706098
0.704926
0.694865
0.703236
0.70032
0.705624
0.70059
0.699099
0.704702
0.701241
0.70054
0.701889
0.698458
0.706038
0.706511
0.698681
0.701903
0.700604
0.699159
0.699346
0.705272
0.705009
0.705549
0.70352
0.704108
0.705937
0.702836
0.703811
0.699564
0.701068
0.699784
0.702806
0.701853
0.701696
0.701851
0.703125
0.702079
0.701583
0.704195
0.702017
0.704766
0.705879
0.703761
0.704597
0.705281
0.697263
0.705779
0.705614
0.700952
0.702828
0.703126
0.703395
0.700207
0.701023
0.702099
0.701056
0.703764
0.702154
0.701872
0.697321
0.704584
0.698812
0.70321
0.70337
0.704017
0.700005
0.705369
0.703109
0.705753
0.701613
0.703274
0.701583
0.702693
0.702917
0.70178
0.701152
0.702403
0.703877
0.704108
0.701834
0.703142
0.705456
0.70687
0.704052
0.70328
0.703981
0.701374
0.701883
0.701536
0.702893
0.69812
0.703801
0.701691
0.703433
0.706276
0.699861
0.702992
0.703397
0.70491
0.700953
0.705906
0.704852
0.699768
0.701161
0.699351
0.700856
0.702763
0.706302
0.703414
0.703731
0.700613
0.703402
0.701495
0.704912
0.703765
0.700579
0.700375
0.702352
0.701462
0.699693
0.70339
0.703645
0.704484
0.697021
0.702457
0.70289
0.703294
0.704025
0.703773
0.703814
0.699181
0.701389
0.703439
0.702268
0.700078
0.702337
0.703831
0.701961
0.702119
0.705444
0.705437
0.703744
0.705377
0.703655
0.701826
0.699854
0.702648
0.704736
0.70354
0.70548
0.705398
0.704337
0.701617
0.704084
0.702578
0.703746
0.702673
0.700655
0.703833
0.704676
0.701335
0.704536
0.70304
0.705906
0.703818
0.704086
0.705623
0.706312
0.701945
0.706
0.705561
0.704642
0.705457
0.702027
0.700512
0.70494
0.705713
0.699657
0.705912
0.702088
0.705123
0.700917
0.70372
0.706072
0.702268
0.698608
0.704693
0.698229
0.703692
0.698946
0.701048
0.70588
0.701654
0.703815
0.704903
0.705931
0.702727
0.704049
0.704093
0.704765
0.70148
0.698031
0.702715
0.704639
0.703479
0.702656
0.705122
0.704912
0.698126
0.701529
0.706245
0.701527
0.700398
0.701199
0.70548
0.703973
0.701098
0.704729
0.704947
0.700698
0.70225
0.705786
0.704984
0.703147
0.701448
0.704584
0.70614
0.701214
0.700746
0.703177
0.703867
0.70595
0.705181
0.703022
0.701869
0.696894
0.699725
0.704398
0.702988
0.702405
0.704782
0.702131
0.701917
0.700161
0.699034
0.70219
0.702319
0.706648
0.704755
0.704373
0.70139
0.706141
0.703789
0.702972
0.703096
0.700773
0.702457
0.702252
0.703933
0.705249
0.706671
0.703928
0.702405
0.701261
0.695505
0.698121
0.70391
0.69825
0.703425
0.700088
0.701907
0.702562
0.702965
0.702093
0.701184
0.702385
0.70543
0.703624
0.702971
0.703352
0.702534
0.70558
0.701552
0.697437
0.702908
0.706059
0.701289
0.698597
0.700775
0.704078
0.705841
0.701207
0.703579
0.705465
0.702042
0.699871
0.696846
0.70416
0.702446
0.701204
0.700333
0.701742
0.700287
0.705296
0.706015
0.706087
0.703552
0.701337
0.703312
0.697802
0.698337
0.704837
0.7007
0.702203
0.702333
0.704037
0.701197
0.703775
0.700167
0.703749
0.705166
0.703582
0.697738
0.705064
0.703835
0.700262
0.704398
0.699786
0.70149
0.701742
0.704742
0.696679
0.702839
0.70438
0.698596
0.699267
0.702638
0.702594
0.698717
0.703176
0.698139
0.703784
0.70395
0.70421
0.705894
0.702921
0.702893
0.702782
0.702952
0.70343
0.702094
0.706042
0.700192
0.70409
0.698913
0.70092
0.703728
0.70342
0.705073
0.701547
0.701926
0.700127
0.70514
0.702042
0.697167
0.702211
0.705761
0.70253
0.701489
0.704013
0.705226
0.692272
0.703568
0.702212
0.704316
0.7019
0.704839
0.705344
0.696174
0.704565
0.703802
0.703977
0.700271
0.702676
0.69937
0.701085
0.702101
0.702907
0.70225
0.698074
0.701735
0.701524
0.704887
0.70121
0.702925
0.703635
0.701577
0.704847
0.701892
0.701789
0.705896
0.69843
0.70192
0.699767
0.701614
0.701285
0.702099
0.703147
0.699597
0.704589
0.705613
0.699928
0.6982
0.701534
0.699651
0.700193
0.70528
0.699454
0.70184
0.702009
0.705696
0.702179
0.701443
0.702471
0.70449
0.702323
0.700268
0.705802
0.702451
0.70396
0.702794
0.704746
0.705081
0.705779
0.705514
0.698505
0.703988
0.70421
0.705676
0.702865
0.698763
0.701608
0.706339
0.700481
0.704493
0.700811
0.705318
0.69834
0.701623
0.702808
0.704049
0.701779
0.70189
0.701437
0.705364
0.699099
0.702642
0.702595
0.705264
0.704207
0.704198
0.702358
0.699892
0.706115
0.705976
0.705886
0.703545
0.702948
0.706466
0.701298
0.701622
0.699599
0.69896
0.703686
0.703685
0.705829
0.700303
0.704595
0.701744
0.699092
0.702841
0.705438
0.697907
0.700477
0.705471
0.705476
0.706236
0.70167
0.706142
0.701546
0.701135
0.704084
0.702857
0.702206
0.704218
0.703423
0.703541
0.706049
0.706289
0.699956
0.702173
0.702161
0.702718
0.706134
0.702392
0.705885
0.700192
0.703192
0.702214
0.704342
0.703997
0.703087
0.704503
0.703581
0.696708
0.70418
0.702856
0.701473
0.7044
0.701553
0.702763
0.705143
0.699437
0.706488
0.700543
0.703779
0.704533
0.705364
0.706232
0.703891
0.701825
0.699114
0.701618
0.703555
0.701744
0.706257
0.701949
0.699981
0.696389
0.704782
0.704983
0.704051
0.703926
0.704251
0.703075
0.703578
0.705068
0.703383
0.698262
0.702947
0.70362
0.701514
0.703221
0.704559
0.704559
0.701365
0.706549
0.705439
0.699391
0.702749
0.704173
0.699069
0.702395
0.701675
0.701709
0.7007
0.703576
0.701644
0.704151
0.701778
0.705839
0.704538
0.700437
0.70316
0.697642
0.695684
0.697829
0.704125
0.703582
0.706193
0.699748
0.704182
0.704932
0.700488
0.704839
0.700805
0.704736
0.693582
0.701979
0.701487
0.701816
0.701293
0.702113
0.704994
0.700251
0.702806
0.703966
0.703555
0.700142
0.70014
0.700119
0.702042
0.701633
0.70479
0.702142
0.70556
0.702012
0.702558
0.704443
0.703249
0.699214
0.702299
0.706877
0.699967
0.706414
0.704843
0.702911
0.699559
0.698584
0.700971
0.70089
0.70193
0.702987
0.703775
0.70249
0.705647
0.702301
0.703144
0.70326
0.704772
0.702936
0.702875
0.704129
0.700588
0.704899
0.702449
0.70194
0.704079
0.701348
0.703846
0.700585
0.699355
0.70397
0.692852
0.696427
0.701974
0.70047
0.701941
0.705518
0.704079
0.704332
0.701094
0.701141
0.704502
0.703249
0.700256
0.703012
0.705913
0.698908
0.706439
0.704962
0.702717
0.704847
0.706885
0.704225
0.705608
0.698755
0.702343
0.704294
0.703744
0.699266
0.704546
0.70142
0.700016
0.702019
0.703372
0.70159
0.704565
0.7035
0.704043
0.701044
0.705528
0.700414
0.705319
0.701211
0.70169
0.701989
0.702786
0.706126
0.703192
0.699049
0.698475
0.705769
0.703376
0.702652
0.700532
0.702685
0.705053
0.702857
0.699201
0.703448
0.704718
0.700244
0.703343
0.702211
0.705231
0.700442
0.703968
0.701928
0.700601
0.701433
0.702988
0.705665
0.698727
0.699453
0.702583
0.705694
0.701973
0.702833
0.699119
0.704856
0.697927
0.706587
0.703926
0.704695
0.702066
0.702462
0.702876
0.706316
0.70459
0.705804
0.705952
0.704616
0.700677
0.702634
0.702328
0.705867
0.701285
0.701646
0.699071
0.701028
0.704729
0.704548
0.701909
0.704415
0.703191
0.706286
0.704034
0.698785
0.703345
0.701389
0.702912
0.700626
0.700507
0.703439
0.705076
0.70418
0.705173
0.704274
0.701341
0.696507
0.705079
0.705127
0.703489
0.698956
0.701307
0.699368
0.70231
0.700702
0.698865
0.700577
0.703673
0.702459
0.701902
0.70207
0.704399
0.704736
0.699841
0.702298
0.702026
0.704389
0.703258
0.705624
0.705806
0.704682
0.700985
0.705624
0.700342
0.705246
0.704024
0.70582
0.702322
0.704192
0.704283
0.706545
0.705542
0.699818
0.704401
0.704843
0.696379
0.701565
0.702516
0.704077
0.706416
0.703201
0.703618
0.702451
0.70316
0.705319
0.706403
0.704806
0.703144
0.704287
0.700109
0.705515
0.702749
0.700492
0.69855
0.703114
0.700794
0.697683
0.704085
0.704693
0.702158
0.704295
0.703193
0.703419
0.701612
0.705936
0.704502
0.700924
0.701593
0.702747
0.703983
0.703918
0.702309
0.704288
0.704423
0.702569
0.705481
0.702136
0.705132
0.700077
0.705094
0.70242
0.702574
0.704918
0.701649
0.701565
0.703547
0.701011
0.703316
0.701957
0.702459
0.702709
0.70206
0.705409
0.706234
0.70233
0.70002
0.700054
0.695187
0.70398
0.702295
0.701565
0.705028
0.7015
0.703682
0.704688
0.702497
0.703149
0.705291
0.702314
0.701336
0.703132
0.698555
0.703837
0.703623
0.698476
0.704424
0.70274
0.702767
0.705076
0.700334
0.69388
0.704052
0.703054
0.703015
0.703262
0.700921
0.704137
0.703012
0.701792
0.702674
0.70492
0.703847
0.704513
0.701565
0.703986
0.704971
0.703911
0.704041
0.69934
0.704987
0.699113
0.704506
0.701682
0.702229
0.703339
0.70432
0.705223
0.704402
0.700306
0.701807
0.702646
0.700445
0.702686
0.699471
0.70111
0.704109
0.705473
0.702605
0.703384
0.701709
0.698749
0.704024
0.702172
0.704088
0.703864
0.703628
0.703361
0.704622
0.704903
0.706107
0.704306
0.698162
0.703484
0.703398
0.702518
0.698813
0.702348
0.702153
0.7026
0.701297
0.705648
0.701449
0.705176
0.700582
0.70558
0.698996
0.704101
0.698562
0.704902
0.705641
0.700368
0.70196
0.701807
0.700941
0.703815
0.700456
0.702297
0.705001
0.700709
0.702131
0.695583
0.700461
0.700413
0.704013
0.70272
0.701558
0.702343
0.699598
0.704305
0.703503
0.70375
0.703323
0.702723
0.701281
0.702205
0.7003
0.704193
0.702159
0.701023
0.701089
0.704037
0.70471
0.703689
0.698287
0.702913
0.700096
0.703358
0.698709
0.6963
0.700509
0.702288
0.700153
0.703509
0.703354
0.702707
0.704177
0.704284
0.699769
0.700138
0.705699
0.704753
0.705381
0.697536
0.704975
0.704403
0.703405
0.706737
0.701732
0.701334
0.704616
0.702446
0.701731
0.703325
0.702654
0.704878
0.701778
0.703109
0.700705
0.704929
0.705248
0.701485
0.704339
0.703159
0.703489
0.705655
0.702894
0.701216
0.705133
0.705141
0.703647
0.701091
0.701857
0.705284
0.704618
0.70312
0.704724
0.706437
0.705758
0.705181
0.699846
0.707085
0.704287
0.697883
0.706378
0.704234
0.703638
0.703849
0.703388
0.700632
0.704421
0.701416
0.700381
0.704031
0.702441
0.703557
0.706974
0.704194
0.705529
0.705629
0.701419
0.702392
0.696513
0.704746
0.699157
0.701907
0.703144
0.703949
0.704696
0.69969
0.701945
0.698204
0.70337
0.704094
0.702102
0.699463
0.705091
0.704025
0.704529
0.699049
0.696952
0.701781
0.704392
0.703888
0.705272
0.704776
0.706245
0.703752
0.704298
0.705563
0.70494
0.701577
0.700667
0.704734
0.702172
0.700716
0.705434
0.703637
0.701595
0.703272
0.701654
0.699006
0.703118
0.702589
0.705675
0.70209
0.704983
0.704084
0.702284
0.70241
0.704713
0.699535
0.702096
0.70513
0.702761
0.70316
0.703754
0.700966
0.700376
0.7053
0.704896
0.702416
0.703037
0.700371
0.701148
0.704683
0.701843
0.702473
0.70329
0.69982
0.705079
0.704923
0.701053
0.702973
0.701448
0.706689
0.705791
0.70078
0.697453
0.700411
0.704381
0.697519
0.702883
0.706778
0.701138
0.703563
0.703448
0.703109
0.705324
0.70385
0.7029
0.702071
0.704091
0.702423
0.703448
0.700861
0.701228
0.70528
0.701364
0.704415
0.705518
0.702058
0.697915
0.704127
0.703822
0.700895
0.704489
0.701879
0.702565
0.701451
0.70118
0.702778
0.703867
0.703816
0.701699
0.696962
0.70513
0.705047
0.705028
0.705777
0.703367
0.703525
0.702934
0.704333
0.704304
0.703799
0.702766
0.698176
0.705651
0.700323
0.702084
0.700557
0.704467
0.701256
0.704426
0.700846
0.704075
0.701928
0.705025
0.704228
0.705085
0.699839
0.70694
0.703453
0.69904
0.706543
0.700274
0.702782
0.701025
0.700151
0.701528
0.699148
0.69953
0.704578
0.701758
0.697856
0.703846
0.704661
0.700291
0.70194
0.703285
0.70318
0.704595
0.702997
0.705306
0.699665
0.702221
0.701399
0.700998
0.699691
0.702615
0.704092
0.70008
0.701314
0.704259
0.706282
0.704873
0.70253
0.699027
0.705575
0.698084
0.700508
0.702183
0.703468
0.702657
0.702898
0.703599
0.700506
0.700202
0.702004
0.699717
0.69836
0.705624
0.704646
0.702074
0.701949
0.700195
0.704961
0.703054
0.705166
0.702219
0.702577
0.70573
0.699355
0.705082
0.702873
0.700081
0.699208
0.699335
0.70391
0.705294
0.699288
0.703404
0.704944
0.700944
0.699024
0.702067
0.701184
0.702337
0.698751
0.702235
0.705514
0.700034
0.702858
0.701306
0.701485
0.704013
0.701407
0.706242
0.702949
0.701152
0.7037
0.70043
0.698121
0.704173
0.706608
0.70263
0.701881
0.705318
0.699965
0.702942
0.70084
0.70537
0.705916
0.702012
0.701182
0.705851
0.706549
0.701947
0.705544
0.698269
0.703422
0.701206
0.70331
0.69804
0.702756
0.699004
0.702488
0.705113
0.702887
0.702093
0.70127
0.705604
0.70574
0.70313
0.701113
0.700585
0.700041
0.7015
0.701577
0.703229
0.706532
0.704209
0.699668
0.704073
0.69501
0.701978
0.704455
0.702131
0.706185
0.701098
0.702104
0.70241
0.703896
0.703393
0.702091
0.693607
0.702341
0.699407
0.701767
0.703484
0.700379
0.698732
0.703301
0.704325
0.706211
0.703218
0.700859
0.704179
0.701599
0.703682
0.702873
0.70327
0.704228
0.706088
0.701528
0.702652
0.702148
0.705057
0.70311
0.698571
0.703411
0.700636
0.702233
0.703593
0.702397
0.701029
0.699506
0.705109
0.703108
0.702238
0.70494
0.699123
0.697531
0.702301
0.701684
0.702152
0.705134
0.704173
0.698937
0.703974
0.704545
0.706003
0.704005
0.705155
0.701928
0.699417
0.698422
0.702464
0.705774
0.705207
0.697178
0.702177
0.700846
0.703071
0.70329
0.705169
0.701056
0.705909
0.70522
0.700339
0.704217
0.706737
0.701666
0.703444
0.702238
0.702605
0.706218
0.700358
0.699499
0.704587
0.70558
0.706191
0.704321
0.704816
0.700324
0.702935
0.706264
0.704076
0.698559
0.706001
0.704493
0.698508
0.704888
0.703613
0.704586
0.704955
0.70436
0.704183
0.700194
0.702494
0.703231
0.704898
0.702439
0.696571
0.700299
0.7025
0.700886
0.701931
0.700248
0.700868
0.705098
0.701022
0.706109
0.70186
0.699193
0.701689
0.703935
0.704722
0.701139
0.697379
0.702824
0.696381
0.705336
0.701375
0.704996
0.700552
0.704559
0.702424
0.699922
0.705383
0.702815
0.702714
0.700337
0.700684
0.701962
0.704375
0.705163
0.699682
0.701661
0.704306
0.700571
0.704396
0.702438
0.704486
0.697604
0.703371
0.703709
0.703133
0.700155
0.704559
0.703807
0.701946
0.705813
0.69909
0.704229
0.701433
0.698521
0.701589
0.702509
0.700636
0.699505
0.69809
0.702509
0.701881
0.702719
0.693347
0.705868
0.700927
0.706292
0.701788
0.70348
0.703751
0.702822
0.704328
0.699346
0.705611
0.705487
0.700334
0.703933
0.703448
0.698882
0.698211
0.702901
0.702645
0.70304
0.703704
0.701635
0.704916
0.701961
0.705621
0.704202
0.700918
0.701992
0.702665
0.702136
0.705102
0.702728
0.702653
0.701089
0.702422
0.705662
0.702101
0.701314
0.70414
0.705109
0.705575
0.700857
0.702284
0.701006
0.703817
0.70236
0.704605
0.702792
0.702177
0.703419
0.697255
0.704865
0.704809
0.703548
0.702065
0.701298
0.701008
0.703492
0.700948
0.703582
0.705637
0.702203
0.693767
0.702121
0.705676
0.702986
0.702095
0.702119
0.70495
0.70454
0.704705
0.706466
0.698028
0.705601
0.703848
0.704306
0.704793
0.703046
0.7056
0.700365
0.703493
0.700934
0.704372
0.704125
0.705131
0.702405
0.701834
0.703893
0.701292
0.702646
0.705102
0.703344
0.694863
0.702234
0.70537
0.706483
0.699534
0.700755
0.700469
0.70419
0.704192
0.701191
0.705644
0.703179
0.70215
0.702551
0.702192
0.704987
0.70663
0.705743
0.704836
0.701828
0.703535
0.6985
0.704826
0.699932
0.699803
0.705507
0.702475
0.702751
0.700951
0.700367
0.706335
0.702608
0.704112
0.70452
0.704212
0.699531
0.700324
0.703864
0.702317
0.701864
0.703109
0.696068
0.704086
0.702783
0.700955
0.704426
0.701149
0.70233
0.704895
0.703546
0.704374
0.697643
0.702887
0.700227
0.701206
0.703235
0.701587
0.704484
0.706925
0.69885
0.702214
0.701671
0.696836
0.705795
0.703149
0.702786
0.703647
0.704255
0.701267
0.701893
0.703807
0.704972
0.702422
0.705276
0.70259
0.703973
0.702836
0.700529
0.705435
0.701435
0.705248
0.705402
0.705173
0.704916
0.703933
0.705061
0.704955
0.703784
0.700454
0.705644
0.699372
0.70523
0.705355
0.703599
0.704494
0.704426
0.704545
0.701009
0.702859
0.702608
0.696268
0.70601
0.705698
0.7035
0.700691
0.705463
0.700289
0.704818
0.706109
0.706422
0.705647
0.7024
0.704618
0.702401
0.702054
0.698784
0.701455
0.705231
0.705423
0.705894
0.704363
0.703746
0.703424
0.700387
0.704522
0.705362
0.70355
0.704094
0.700764
0.706136
0.701135
0.703331
0.704832
0.701911
0.704247
0.701111
0.701895
0.700389
0.699549
0.70375
0.698495
0.701687
0.701964
0.699934
0.701992
0.704196
0.705296
0.701546
0.700635
0.705802
0.698694
0.697341
0.702947
0.699343
0.702726
0.700373
0.706673
0.70309
0.702273
0.705614
0.699925
0.705461
0.697911
0.706653
0.695446
0.698817
0.704905
0.705005
0.7056
0.702716
0.703779
0.702848
0.704217
0.703038
0.703746
0.702066
0.69895
0.703947
0.704767
0.701656
0.705965
0.704276
0.702721
0.697889
0.701292
0.70281
0.704413
0.70038
0.702208
0.700883
0.703486
0.705139
0.69993
0.703777
0.703387
0.699987
0.703721
0.701546
0.70642
0.701723
0.702064
0.705366
0.701359
0.703627
0.706203
0.705148
0.702885
0.703087
0.703456
0.702508
0.706068
0.705032
0.704263
0.705557
0.699302
0.699305
0.70056
0.703414
0.703016
0.696869
0.704504
0.702578
0.70574
0.70178
0.703485
0.70191
0.700927
0.704528
0.701909
0.703624
0.705772
0.69877
0.705809
0.701708
0.70595
0.697194
0.699774
0.704039
0.69858
0.703466
0.702126
0.706509
0.703669
0.704595
0.703634
0.70352
0.706185
0.700134
0.70196
0.703847
0.705743
0.704584
0.703497
0.702306
0.704762
0.704764
0.701729
0.703708
0.7029
0.700148
0.701751
0.703476
0.705632
0.706519
0.705549
0.706201
0.702256
0.70233
0.704031
0.703945
0.703313
0.701362
0.70453
0.700483
0.703583
0.702389
0.705272
0.700847
0.700694
0.700218
0.699151
0.702492
0.705932
0.695348
0.70142
0.704291
0.706653
0.701789
0.706006
0.699868
0.70514
0.706458
0.701531
0.7042
0.704597
0.705561
0.701496
0.702154
0.699577
0.702194
0.702032
0.705656
0.701498
0.705735
0.701474
0.699372
0.704789
0.696809
0.702492
0.704694
0.704251
0.704307
0.70337
0.703329
0.704752
0.70282
0.700113
0.702208
0.705914
0.698096
0.700041
0.705
0.700209
0.704621
0.700432
0.701847
0.70357
0.702664
0.703952
0.704289
0.702802
0.702194
0.704392
0.706202
0.703682
0.703046
0.700287
0.701634
0.702235
0.705393
0.699734
0.702057
0.704946
0.70222
0.704669
0.700436
0.706231
0.699814
0.704109
0.705563
0.70388
0.703924
0.704043
0.704187
0.69924
0.7022
0.702116
0.700883
0.703879
0.702706
0.704948
0.706098
0.702928
0.704835
0.70253
0.702843
0.704213
0.704268
0.703014
0.702571
0.701859
0.704619
0.699724
0.702633
0.702045
0.70153
0.701881
0.705519
0.700965
0.702494
0.700625
0.701474
0.704484
0.703949
0.70101
0.704584
0.703123
0.703489
0.69988
0.702887
0.705886
0.705814
0.706053
0.703188
0.705192
0.703108
0.702143
0.7064
0.703488
0.700898
0.703641
0.699692
0.69867
0.702867
0.703644
0.70542
0.703
0.701733
0.700646
0.700451
0.703379
0.69968
0.706065
0.701701
0.706648
0.704674
0.701321
0.705052
0.70168
0.705912
0.703118
0.702812
0.701221
0.696683
0.704671
0.703533
0.706397
0.704749
0.703366
0.703693
0.702349
0.705656
0.704726
0.700292
0.703221
0.702893
0.704693
0.703483
0.700856
0.701441
0.701559
0.702379
0.706432
0.699862
0.698778
0.703868
0.700823
0.7031
0.704844
0.706049
0.698531
0.705829
0.697832
0.702523
0.698503
0.703299
0.704826
0.702646
0.70131
0.699592
0.702002
0.70305
0.705606
0.703815
0.704805
0.699699
0.705294
0.699093
0.705314
0.704238
0.700948
0.701547
0.701165
0.706236
0.702725
0.695344
0.704322
0.705443
0.700535
0.704247
0.700316
0.704881
0.704493
0.70233
0.702949
0.702007
0.706158
0.699381
0.699912
0.703703
0.700166
0.700313
0.703567
0.704994
0.703626
0.705043
0.700057
0.699787
0.702395
0.703275
0.70207
0.702378
0.702802
0.702908
0.705252
0.703458
0.696753
0.704576
0.700397
0.704703
0.702578
0.697485
0.700207
0.705089
0.701023
0.702604
0.701522
0.70443
0.701284
0.703279
0.705231
0.70393
0.700843
0.70232
0.703625
0.70043
0.702454
0.703933
0.702199
0.703028
0.702661
0.702214
0.702702
0.697583
0.705236
0.702628
0.70469
0.698853
0.704932
0.705211
0.69719
0.705031
0.703853
0.702706
0.702522
0.704713
0.7008
0.70127
0.706875
0.702083
0.70225
0.69818
0.705263
0.696786
0.700284
0.703782
0.702668
0.698722
0.703423
0.703077
0.703618
0.699861
0.69867
0.70229
0.706111
0.702544
0.700751
0.702256
0.703466
0.700317
0.701312
0.703389
0.699246
0.705401
0.704796
0.702995
0.705008
0.702032
0.706021
0.700843
0.705666
0.706669
0.705372
0.705174
0.704085
0.705252
0.702385
0.705386
0.704682
0.705141
0.700618
0.700134
0.705414
0.700792
0.702345
0.702049
0.698737
0.699943
0.702498
0.704212
0.702659
0.705181
0.70109
0.700729
0.702236
0.703177
0.700349
0.701685
0.70073
0.706768
0.705719
0.703095
0.699111
0.704234
0.702073
0.70387
0.703012
0.700841
0.699558
0.704061
0.703183
0.704527
0.702986
0.698576
0.70321
0.703567
0.697947
0.702428
0.699227
0.701842
0.700746
0.702414
0.7036
0.704486
0.702628
0.701206
0.700169
0.705152
0.700865
0.7052
0.701554
0.703577
0.701512
0.706047
0.704679
0.706255
0.702952
0.698608
0.704276
0.704561
0.705053
0.70356
0.703203
0.702157
0.706213
0.70313
0.70093
0.702197
0.703098
0.702109
0.702595
0.706543
0.701766
0.706176
0.705127
0.703161
0.704745
0.702333
0.6997
0.705986
0.70412
0.706033
0.700953
0.705851
0.702606
0.705688
0.705688
0.701776
0.702502
0.705152
0.701985
0.705055
0.702831
0.700338
0.70426
0.703188
0.703122
0.703281
0.705106
0.705082
0.699209
0.703413
0.702778
0.702823
0.705289
0.704079
0.704374
0.705781
0.700679
0.700369
0.700133
0.703774
0.703065
0.704286
0.705102
0.704546
0.701465
0.705713
0.705535
0.700821
0.697398
0.700208
0.698939
0.705796
0.705086
0.701075
0.696761
0.704478
0.702658
0.700328
0.701314
0.70437
0.702893
0.705554
0.701612
0.705401
0.701649
0.704167
0.701258
0.700449
0.695049
0.701965
0.701832
0.702406
0.703002
0.70408
0.704894
0.703251
0.705321
0.704677
0.705146
0.703
0.702555
0.698534
0.70373
0.703526
0.702848
0.706418
0.704472
0.706778
0.704112
0.706042
0.701864
0.702671
0.702214
0.700103
0.703438
0.700479
0.703697
0.70339
0.705367
0.703334
0.700191
0.698381
0.702352
0.703645
0.70396
0.701776
0.705505
0.699868
0.706167
0.704748
0.706575
0.703886
0.70244
0.704761
0.704074
0.70323
0.705637
0.702415
0.700017
0.702754
0.700725
0.70519
0.699663
0.701686
0.704835
0.70165
0.703192
0.699714
0.70243
0.704726
0.702396
0.705132
0.704871
0.703964
0.704088
0.701454
0.701804
0.70547
0.705958
0.704599
0.704471
0.702824
0.702137
0.704998
0.705037
0.699801
0.699019
0.704295
0.702393
0.703669
0.704901
0.703943
0.703415
0.703408
0.700021
0.698098
0.703192
0.705321
0.701055
0.704861
0.703499
0.704107
0.705106
0.701524
0.699283
0.703659
0.702274
0.700885
0.702988
0.701487
0.703443
0.699691
0.70244
0.704003
0.701432
0.70105
0.704865
0.701663
0.701366
0.701739
0.706422
0.704004
0.705912
0.702323
0.704479
0.701724
0.703503
0.70246
0.703948
0.700804
0.703732
0.700759
0.700866
0.701024
0.701849
0.701515
0.701428
0.701927
0.703314
0.700465
0.702839
0.703134
0.699681
0.705314
0.700535
0.702538
0.703628
0.702393
0.705954
0.702961
0.701237
0.696876
0.702736
0.706243
0.70276
0.704234
0.700951
0.70547
0.705147
0.703363
0.700086
0.702615
0.699578
0.70618
0.702165
0.701775
0.706555
0.70408
0.70421
0.705606
0.700616
0.701601
0.703028
0.704057
0.697197
0.70593
0.701441
0.704104
0.701931
0.704106
0.701726
0.699909
0.699536
0.705977
0.705513
0.703946
0.706153
0.696917
0.705251
0.706329
0.702491
0.702234
0.702766
0.704114
0.699249
0.706293
0.700481
0.699975
0.70256
0.700677
0.704917
0.705358
0.706602
0.705862
0.702832
0.700724
0.702381
0.703952
0.701549
0.706201
0.70578
0.70272
0.706689
0.698215
0.703164
0.705634
0.701487
0.703583
0.698005
0.69775
0.702103
0.703998
0.702582
0.704375
0.706287
0.701109
0.70351
0.701903
0.702701
0.702886
0.703768
0.698993
0.704651
0.706002
0.702828
0.69926
0.69905
0.700008
0.70132
0.702741
0.706141
0.701607
0.702543
0.703478
0.704917
0.700588
0.705001
0.700606
0.701199
0.703557
0.70417
0.702996
0.704412
0.704565
0.700844
0.703538
0.704581
0.701239
0.702862
0.702706
0.700796
0.704512
0.700329
0.703894
0.702633
0.705853
0.704361
0.702109
0.703669
0.699393
0.700248
0.700354
0.699906
0.702809
0.702314
0.705067
0.705965
0.696384
0.701237
0.705011
0.703363
0.704108
0.702476
0.696283
0.704201
0.702817
0.70089
0.704887
0.701854
0.701214
0.697277
0.706211
0.702448
0.702589
0.700854
0.704043
0.700218
0.701006
0.700766
0.705105
0.706397
0.697987
0.70654
0.703815
0.701439
0.701062
0.704229
0.702253
0.70603
0.705228
0.706587
0.698199
0.700632
0.701524
0.704442
0.704466
0.702172
0.705215
0.705314
0.703284
0.69939
0.701036
0.703532
0.702773
0.699776
0.703448
0.700721
0.700868
0.701849
0.700949
0.699649
0.701957
0.700525
0.70018
0.704461
0.701103
0.702059
0.701766
0.700236
0.704749
0.702964
0.703204
0.699977
0.70522
0.703339
0.705588
0.699308
0.701284
0.703074
0.70105
0.703905
0.704133
0.701223
0.702329
0.706021
0.701605
0.703109
0.701382
0.702666
0.702237
0.705688
0.699851
0.705884
0.700712
0.699496
0.696569
0.703335
0.699297
0.700808
0.702811
0.702658
0.699837
0.703207
0.703948
0.704784
0.69597
0.702201
0.70339
0.704183
0.702326
0.700348
0.704824
0.702004
0.701463
0.700793
0.705117
0.699924
0.704731
0.705102
0.705688
0.701817
0.706148
0.704668
0.704799
0.702671
0.704501
0.705448
0.699945
0.706003
0.704257
0.698097
0.703639
0.706576
0.702158
0.703756
0.705568
0.704884
0.701625
0.700526
0.702898
0.705897
0.702246
0.703012
0.705329
0.702569
0.703098
0.702286
0.700701
0.705471
0.699777
0.701758
0.70087
0.704675
0.702381
0.698508
0.700084
0.703358
0.703075
0.701679
0.70102
0.700178
0.703028
0.698793
0.704034
0.703074
0.703222
0.700577
0.702598
0.703738
0.704732
0.704229
0.697876
0.700994
0.702316
0.699154
0.702473
0.700075
0.697814
0.701806
0.704267
0.705252
0.70531
0.702183
0.706055
0.699784
0.705079
0.703406
0.703496
0.704717
0.703631
0.70179
0.702402
0.703159
0.705879
0.703407
0.701173
0.703999
0.70165
0.699322
0.701409
0.699642
0.70545
0.703441
0.703021
0.701232
0.704725
0.702436
0.702727
0.700067
0.702079
0.70362
0.705394
0.702574
0.704554
0.704505
0.703716
0.700133
0.701711
0.704085
0.704133
0.704881
0.704159
0.702757
0.703804
0.696948
0.704363
0.703649
0.703856
0.704304
0.702873
0.704644
0.701402
0.703867
0.705155
0.697889
0.699471
0.697841
0.699625
0.704393
0.702159
0.705486
0.701274
0.702897
0.702268
0.701929
0.702674
0.70078
0.701612
0.70313
0.698573
0.701246
0.7053
0.702935
0.704888
0.699994
0.70582
0.70054
0.700375
0.701858
0.701319
0.700828
0.703467
0.702423
0.702824
0.698019
0.699277
0.706885
0.700721
0.702303
0.698392
0.699466
0.705636
0.703416
0.701098
0.698989
0.698931
0.704016
0.702821
0.705796
0.703031
0.70178
0.705564
0.706673
0.699891
0.702934
0.705549
0.703977
0.701284
0.701679
0.702247
0.697422
0.706001
0.700234
0.705675
0.705125
0.69848
0.70548
0.701504
0.700757
0.700723
0.703875
0.705112
0.702317
0.704784
0.699808
0.704779
0.701117
0.703879
0.702897
0.702974
0.699592
0.700635
0.704676
0.703577
0.704496
0.704658
0.706369
0.700923
0.703728
0.701148
0.699713
0.704526
0.698216
0.70223
0.705791
0.704973
0.706394
0.701826
0.703546
0.705573
0.705514
0.702088
0.700966
0.704926
0.704245
0.699976
0.699126
0.702871
0.706197
0.701475
0.701778
0.697965
0.703813
0.705416
0.704697
0.700883
0.705476
0.702214
0.702653
0.703893
0.701496
0.701981
0.701072
0.696976
0.700655
0.700758
0.698172
0.698473
0.699388
0.70016
0.703953
0.705601
0.701597
0.702023
0.698813
0.70507
0.70285
0.705814
0.703536
0.700027
0.700105
0.705776
0.704839
0.70432
0.705316
0.703233
0.704056
0.702357
0.706873
0.705985
0.702991
0.70537
0.704502
0.702359
0.706282
0.705911
0.704765
0.704182
0.702434
0.705401
0.699577
0.704889
0.704005
0.702001
0.704202
0.705997
0.696809
0.702483
0.70514
0.700665
0.699005
0.705398
0.704257
0.704817
0.70416
0.698779
0.703108
0.699447
0.704731
0.704809
0.70523
0.700823
0.706616
0.702161
0.703299
0.702962
0.701551
0.699896
0.704375
0.703906
0.704255
0.701496
0.704012
0.703467
0.699437
0.704563
0.700358
0.704472
0.704911
0.702382
0.702566
0.706178
0.702884
0.704199
0.703748
0.702343
0.700849
0.702103
0.702381
0.699809
0.703545
0.698202
0.706518
0.70557
0.704433
0.700517
0.703151
0.704433
0.703847
0.699969
0.700657
0.702186
0.70595
0.703086
0.705082
0.706485
0.700933
0.705002
0.698027
0.705153
0.700517
0.705073
0.700676
0.703776
0.702736
0.706047
0.704638
0.700391
0.704389
0.705386
0.699835
0.698931
0.706448
0.703906
0.702566
0.699794
0.706013
0.700038
0.703438
0.701102
0.698572
0.705528
0.702668
0.699034
0.705696
0.704457
0.701136
0.699008
0.704462
0.703072
0.705143
0.70331
0.701597
0.705606
0.701968
0.703798
0.702437
0.70143
0.70398
0.70246
0.700269
0.700625
0.704503
0.705641
0.703645
0.701582
0.701127
0.704462
0.705021
0.699049
0.701867
0.706327
0.702803
0.704434
0.703247
0.700977
0.702795
0.693086
0.704484
0.706485
0.699697
0.700314
0.704028
0.703329
0.704286
0.70006
0.704529
0.706151
0.704263
0.704187
0.702937
0.703031
0.699563
0.705398
0.702504
0.703029
0.703758
0.702536
0.702314
0.699383
0.703292
0.696784
0.69973
0.703199
0.701127
0.702345
0.70306
0.701059
0.705125
0.702311
0.702352
0.705554
0.698554
0.705537
0.704275
0.703348
0.704702
0.701274
0.703662
0.699874
0.701963
0.701357
0.705076
0.699675
0.696989
0.705438
0.703147
0.7056
0.700231
0.699816
0.705387
0.706449
0.701679
0.701455
0.704217
0.700356
0.705813
0.703853
0.705221
0.703492
0.70288
0.701027
0.703012
0.703738
0.70422
0.70201
0.701439
0.705613
0.703782
0.703324
0.700606
0.705208
0.703449
0.704457
0.702635
0.705167
0.697118
0.702908
0.702287
0.699802
0.705246
0.70315
0.6966
0.703268
0.700115
0.69858
0.700648
0.702328
0.701843
0.701569
0.70235
0.696059
0.701897
0.699152
0.703273
0.705618
0.702892
0.704837
0.704717
0.705597
0.704587
0.702626
0.698458
0.70421
0.703361
0.703292
0.702761
0.702824
0.706087
0.701276
0.704482
0.70369
0.703595
0.702859
0.70508
0.69818
0.703354
0.704951
0.703148
0.705215
0.704779
0.699977
0.702677
0.702648
0.703216
0.702727
0.701154
0.704306
0.705392
0.704127
0.703393
0.702854
0.701031
0.697902
0.705691
0.70493
0.704031
0.704962
0.702495
0.701869
0.700666
0.70548
0.704157
0.701928
0.70485
0.705771
0.702506
0.706231
0.703274
0.699417
0.704903
0.704227
0.704377
0.698678
0.704402
0.702387
0.706243
0.702077
0.703483
0.69758
0.706116
0.702483
0.702881
0.706488
0.705398
0.702165
0.7056
0.705005
0.701177
0.700513
0.703221
0.70468
0.699509
0.702544
0.70166
0.698447
0.703875
0.702773
0.705983
0.705031
0.699342
0.700342
0.704287
0.70148
0.705227
0.70606
0.700208
0.702708
0.702839
0.705547
0.703087
0.700609
0.70065
0.70173
0.705443
0.702912
0.705383
0.702899
0.703948
0.701984
0.70396
0.699702
0.704526
0.704344
0.699375
0.703867
0.701191
0.701548
0.702556
0.702962
0.705237
0.702471
0.703745
0.703162
0.703469
0.702986
0.700577
0.703071
0.702648
0.701788
0.705562
0.701976
0.701534
0.704999
0.700143
0.703052
0.703946
0.705417
0.703613
0.700058
0.698621
0.702857
0.706605
0.704526
0.704046
0.706696
0.700518
0.702565
0.702386
0.702164
0.698846
0.700178
0.703875
0.70244
0.704578
0.70528
0.702287
0.704163
0.703722
0.701181
0.703799
0.701867
0.705414
0.701016
0.698614
0.703733
0.701773
0.703052
0.701839
0.698908
0.700023
0.700596
0.704537
0.703864
0.705756
0.697117
0.698736
0.702143
0.698921
0.704827
0.704617
0.704356
0.702806
0.701297
0.704884
0.700154
0.703777
0.706575
0.701416
0.705911
0.703788
0.703221
0.702301
0.702799
0.703188
0.704101
0.702876
0.699098
0.701742
0.697197
0.701253
0.70233
0.700993
0.698775
0.701926
0.695493
0.705045
0.706143
0.703817
0.703285
0.704537
0.706094
0.700041
0.702347
0.699879
0.698283
0.702771
0.7048
0.701986
0.702464
0.69901
0.703356
0.704255
0.699975
0.699949
0.700577
0.702879
0.701053
0.705597
0.705489
0.700317
0.701431
0.697803
0.703993
0.701543
0.702229
0.70054
0.701437
0.70493
0.706414
0.702491
0.703784
0.702715
0.699674
0.701368
0.702929
0.699227
0.705053
0.703116
0.704773
0.703039
0.699004
0.70418
0.703317
0.700214
0.704971
0.702431
0.7048
0.699041
0.70322
0.704811
0.70593
0.702813
0.698269
0.701508
0.701081
0.69707
0.705614
0.703689
0.700064
0.699836
0.705363
0.701731
0.703259
0.706065
0.700323
0.704101
0.704332
0.703855
0.702817
0.702768
0.706485
0.700483
0.705792
0.699815
0.704494
0.702154
0.70433
0.704544
0.700051
0.703041
0.699836
0.700289
0.698166
0.702422
0.703416
0.698524
0.701428
0.705259
0.702023
0.704086
0.701967
0.705072
0.701135
0.705366
0.705423
0.70305
0.700977
0.699368
0.699983
0.6987
0.702428
0.703777
0.694504
0.701818
0.70414
0.702374
0.703099
0.702171
0.700864
0.700546
0.70467
0.704653
0.703913
0.702178
0.705576
0.706263
0.704434
0.700975
0.704691
0.7039
0.703555
0.704334
0.701142
0.705549
0.700647
0.697891
0.703882
0.695928
0.706363
0.706167
0.699067
0.705829
0.706189
0.706448
0.697664
0.705383
0.701165
0.701025
0.706142
0.703372
0.700829
0.704836
0.705002
0.704552
0.700728
0.702703
0.701095
0.696778
0.699078
0.701855
0.699728
0.701329
0.699163
0.706605
0.703654
0.703606
0.700361
0.706293
0.700323
0.70431
0.69754
0.701087
0.704747
0.70389
0.703203
0.700948
0.704552
0.703316
0.703038
0.703865
0.706153
0.702181
0.700489
0.702966
0.702198
0.703222
0.70285
0.704534
0.705691
0.702791
0.70439
0.700769
0.701907
0.706161
0.701992
0.703034
0.706584
0.700546
0.70313
0.706555
0.705609
0.703067
0.699482
0.70252
0.703765
0.701634
0.703412
0.703067
0.701041
0.702726
0.70285
0.705699
0.703313
0.704383
0.705554
0.703073
0.703372
0.705188
0.700366
0.702996
0.700551
0.701147
0.705512
0.696662
0.696057
0.703664
0.705522
0.703192
0.702998
0.705092
0.699824
0.704918
0.702811
0.698005
0.702852
0.701776
0.702169
0.703383
0.705569
0.70133
0.699705
0.704917
0.699368
0.704181
0.703458
0.7039
0.703313
0.698604
0.704217
0.702791
0.700311
0.704683
0.694943
0.704594
0.704099
0.701822
0.702803
0.701959
0.705538
0.701372
0.706737
0.701498
0.701214
0.706305
0.704136
0.70321
0.704816
0.702214
0.701186
0.699456
0.700229
0.706206
0.704623
0.706696
0.703558
0.705314
0.702246
0.700782
0.70489
0.706232
0.706126
0.697661
0.700968
0.701759
0.700116
0.703501
0.704759
0.703385
0.701858
0.705735
0.699747
0.703334
0.70047
0.702253
0.697505
0.699747
0.701892
0.702049
0.705483
0.701297
0.6997
0.701138
0.706673
0.704502
0.701031
0.706072
0.702913
0.704033
0.705519
0.698578
0.700902
0.701248
0.699182
0.703642
0.703156
0.699595
0.702831
0.69766
0.704813
0.69616
0.701384
0.706345
0.706403
0.702676
0.706411
0.704734
0.698647
0.702469
0.702235
0.705569
0.695013
0.706131
0.700952
0.70452
0.704156
0.701421
0.705997
0.701522
0.705396
0.702223
0.702009
0.706576
0.705112
0.703436
0.701739
0.700113
0.701925
0.702409
0.703637
0.706209
0.705163
0.704053
0.705444
0.703346
0.705682
0.702949
0.70248
0.705544
0.703367
0.701098
0.705471
0.70396
0.700883
0.705481
0.70356
0.70412
0.705076
0.704287
0.704259
0.70329
0.704702
0.705469
0.70485
0.705461
0.705638
0.702194
0.702806
0.699882
0.703434
0.703637
0.705076
0.705324
0.698851
0.702726
0.700263
0.705655
0.693864
0.701744
0.704782
0.704405
0.70577
0.701513
0.702931
0.706483
0.702738
0.703583
0.705086
0.700164
0.701535
0.70542
0.699244
0.704643
0.69922
0.700238
0.701513
0.705244
0.705771
0.705117
0.703706
0.704537
0.700962
0.700699
0.70201
0.704474
0.704101
0.7042
0.699777
0.706606
0.701361
0.702747
0.699885
0.70385
0.701102
0.703171
0.70623
0.703702
0.701764
0.703315
0.698314
0.699749
0.700155
0.705698
0.704609
0.702833
0.705626
0.705774
0.703011
0.704697
0.703536
0.699628
0.70236
0.704813
0.70422
0.701819
0.70644
0.702034
0.697488
0.701006
0.701903
0.706
0.70414
0.704022
0.703376
0.70092
0.704738
0.702703
0.703864
0.704163
0.705961
0.701078
0.704812
0.702416
0.702517
0.704101
0.703749
0.701845
0.705296
0.703638
0.705645
0.701446
0.702551
0.703115
0.702993
0.702586
0.702988
0.702529
0.703623
0.706671
0.706055
0.705251
0.702841
0.704783
0.702605
0.702488
0.705699
0.703753
0.70228
0.705254
0.706616
0.700467
0.701776
0.703584
0.703574
0.702223
0.700023
0.699351
0.706087
0.701748
0.705192
0.700749
0.704766
0.707056
0.703191
0.703488
0.696597
0.700867
0.699926
0.705548
0.698109
0.699849
0.69968
0.702444
0.703992
0.701281
0.696949
0.69947
0.698658
0.703952
0.70076
0.700666
0.705284
0.698023
0.700258
0.69953
0.703313
0.702367
0.703996
0.700936
0.705632
0.70084
0.70333
0.701317
0.701184
0.701746
0.700913
0.701646
0.701062
0.705614
0.699071
0.704717
0.704127
0.704328
0.703374
0.699963
0.703903
0.703484
0.702837
0.703613
0.706671
0.704498
0.705694
0.703198
0.69773
0.705733
0.702941
0.696137
0.702398
0.704142
0.702736
0.700163
0.701894
0.697833
0.70432
0.702191
0.702759
0.701118
0.701915
0.704533
0.701986
0.69974
0.69834
0.70331
0.700954
0.699514
0.703123
0.70148
0.702419
0.705482
0.706327
0.701067
0.704631
0.697064
0.700352
0.703697
0.701219
0.702807
0.705005
0.701864
0.704188
0.696151
0.705452
0.70468
0.70454
0.705629
0.703045
0.703547
0.705511
0.704131
0.70353
0.699117
0.70183
0.705437
0.702838
0.699866
0.703022
0.701797
0.703344
0.705137
0.701802
0.702149
0.700649
0.706882
0.696234
0.70385
0.703905
0.705816
0.703123
0.702318
0.706925
0.702015
0.704159
0.703281
0.704814
0.700085
0.699336
0.69943
0.704173
0.70297
0.705047
0.705323
0.702929
0.703096
0.700388
0.705473
0.702873
0.703613
0.700635
0.70426
0.705653
0.700827
0.704761
0.702488
0.703867
0.701425
0.703335
0.705985
0.70421
0.703903
0.703129
0.706248
0.705761
0.701844
0.698989
0.704912
0.702318
0.704078
0.701996
0.704878
0.70435
0.705843
0.701154
0.702305
0.705112
0.704499
0.704663
0.703847
0.702966
0.704541
0.700377
0.70391
0.702116
0.704057
0.70208
0.700543
0.705216
0.70613
0.703385
0.704537
0.700684
0.695217
0.704702
0.704987
0.699499
0.706488
0.696123
0.704779
0.703077
0.703893
0.70447
0.703567
0.705592
0.701545
0.700123
0.704857
0.702932
0.705015
0.700716
0.705414
0.702806
0.699314
0.70432
0.701362
0.702801
0.704533
0.703781
0.701474
0.704316
0.697241
0.702004
0.704553
0.701871
0.703993
0.704178
0.703944
0.703942
0.704009
0.703668
0.702345
0.706142
0.701097
0.701874
0.701466
0.700414
0.703758
0.702577
0.706255
0.704217
0.706135
0.702345
0.70316
0.701154
0.700923
0.703621
0.701855
0.705518
0.703104
0.697435
0.704628
0.702803
0.702159
0.69779
0.702061
0.702738
0.704024
0.702634
0.701164
0.706011
0.703751
0.702532
0.701596
0.701484
0.705458
0.699597
0.704482
0.7042
0.701232
0.699828
0.704902
0.70525
0.699537
0.704049
0.703723
0.702395
0.700836
0.706378
0.704298
0.704399
0.705116
0.702799
0.699396
0.704344
0.703212
0.70614
0.701854
0.701073
0.704276
0.701414
0.699199
0.705544
0.704462
0.705944
0.706329
0.704267
0.706411
0.701644
0.702403
0.701419
0.704268
0.701153
0.701032
0.699154
0.704359
0.697627
0.706227
0.702693
0.697819
0.70313
0.704726
0.701703
0.703783
0.702515
0.70482
0.70407
0.703963
0.69872
0.699959
0.704844
0.702142
0.702277
0.702888
0.700804
0.703117
0.705624
0.705909
0.699619
0.705464
0.699968
0.703945
0.702059
0.697203
0.701858
0.705852
0.699107
0.704747
0.704232
0.702549
0.704046
0.700347
0.699235
0.704195
0.705638
0.704006
0.702295
0.704014
0.70468
0.703682
0.700934
0.705116
0.703476
0.703484
0.699382
0.705831
0.705961
0.702991
0.698317
0.702533
0.701022
0.701663
0.705544
0.706449
0.702118
0.698038
0.702579
0.702652
0.706032
0.701262
0.703425
0.704879
0.705229
0.702151
0.701742
0.70483
0.703686
0.704814
0.702932
0.706488
0.703804
0.705468
0.700921
0.706363
0.701104
0.704246
0.702598
0.704365
0.699523
0.704449
0.702657
0.705281
0.702161
0.700013
0.705269
0.706129
0.702766
0.701062
0.702012
0.702405
0.705121
0.705781
0.703093
0.70273
0.706549
0.705279
0.701184
0.70177
0.699812
0.701873
0.701232
0.703861
0.703903
0.704061
0.705652
0.705711
0.703971
0.704926
0.703603
0.704594
0.705514
0.699253
0.703438
0.699721
0.703404
0.701439
0.705756
0.701122
0.70573
0.706616
0.704903
0.701705
0.703626
0.70591
0.702177
0.699891
0.706034
0.704768
0.703555
0.701351
0.701696
0.70029
0.704533
0.696412
0.699584
0.705285
0.703135
0.702202
0.70263
0.703337
0.705306
0.705528
0.702205
0.703763
0.704577
0.701579
0.701503
0.700645
0.703967
0.703797
0.703868
0.706287
0.700557
0.70069
0.704491
0.70374
0.706394
0.702355
0.701251
0.704291
0.701926
0.700976
0.700936
0.702813
0.706784
0.69807
0.699946
0.701874
0.706545
0.70348
0.706298
0.704343
0.697643
0.705029
0.699739
0.704044
0.703904
0.7017
0.705981
0.704501
0.70617
0.70687
0.705829
0.704666
0.702504
0.705981
0.697679
0.70384
0.703996
0.702452
0.704293
0.700822
0.701953
0.700397
0.699939
0.701525
0.704269
0.703268
0.703131
0.701564
0.701631
0.702827
0.704691
0.70034
0.706418
0.699557
0.702741
0.704501
0.70238
0.70436
0.701169
0.702459
0.698342
0.703541
0.698698
0.699334
0.703201
0.700886
0.703612
0.702722
0.704333
0.704653
0.703945
0.701551
0.704895
0.7044
0.703476
0.703807
0.705515
0.705513
0.69777
0.704248
0.706286
0.699736
0.70469
0.697296
0.70269
0.704789
0.702955
0.701731
0.704407
0.697422
0.701325
0.702981
0.701606
0.704778
0.701149
0.701022
0.701844
0.699854
0.700659
0.705906
0.70684
0.701536
0.70037
0.702251
0.700787
0.704235
0.700163
0.703525
0.703349
0.700196
0.699549
0.701269
0.702967
0.703835
0.702333
0.699013
0.705587
0.701991
0.702172
0.700324
0.70352
0.704607
0.702603
0.702182
0.700342
0.706549
0.699237
0.698869
0.703933
0.700397
0.698975
0.704087
0.701811
0.704309
0.705558
0.699479
0.697841
0.703993
0.702395
0.69828
0.702959
0.700776
0.702059
0.704326
0.700641
0.703615
0.703442
0.704105
0.703854
0.705383
0.705458
0.699249
0.705489
0.703562
0.702917
0.701217
0.700792
0.704929
0.704006
0.702574
0.702962
0.702831
0.704646
0.699952
0.701964
0.706139
0.703872
0.701705
0.703449
0.705296
0.705564
0.704617
0.703707
0.703539
0.700751
0.704923
0.702146
0.698888
0.702366
0.702478
0.704294
0.702909
0.702887
0.702915
0.704826
0.699452
0.703733
0.69975
0.704453
0.704104
0.704846
0.705137
0.70347
0.70606
0.702714
0.705043
0.704019
0.70339
0.703169
0.70026
0.700518
0.701718
0.705539
0.701589
0.703949
0.700567
0.702916
0.702672
0.703837
0.704195
0.701328
0.701945
0.702619
0.705436
0.70419
0.700517
0.702956
0.701436
0.705159
0.704286
0.706143
0.70422
0.705569
0.697918
0.701646
0.703994
0.704086
0.701899
0.700905
0.69997
0.703725
0.704257
0.703879
0.702173
0.700438
0.705621
0.703294
0.702335
0.705912
0.705851
0.701409
0.706178
0.70036
0.70006
0.703268
0.703683
0.701263
0.702231
0.701951
0.703909
0.70495
0.70214
0.70375
0.699293
0.702512
0.703235
0.704548
0.704914
0.705655
0.703836
0.702766
0.700533
0.697842
0.699576
0.700192
0.703457
0.699265
0.706385
0.702683
0.703802
0.704306
0.702261
0.701328
0.700541
0.697256
0.703922
0.702371
0.704707
0.702612
0.703216
0.705613
0.705178
0.702089
0.703661
0.704181
0.699919
0.702221
0.70205
0.701545
0.70519
0.702782
0.701662
0.702165
0.705923
0.703955
0.701951
0.700912
0.702888
0.703136
0.702626
0.701242
0.7064
0.70093
0.705699
0.705537
0.70616
0.700021
0.703161
0.703748
0.70162
0.704101
0.703744
0.704499
0.706255
0.701771
0.700391
0.701414
0.700972
0.704881
0.702287
0.703509
0.696727
0.69624
0.701401
0.701981
0.702661
0.703925
0.704879
0.70122
0.702375
0.702564
0.703685
0.701425
0.702583
0.700604
0.70384
0.699523
0.705199
0.699293
0.705434
0.70472
0.70191
0.703733
0.701888
0.701417
0.703652
0.696074
0.703813
0.700035
0.70339
0.706263
0.705091
0.701186
0.703689
0.701362
0.701715
0.705517
0.702009
0.702529
0.699938
0.705897
0.705597
0.697146
0.705473
0.704609
0.700923
0.705573
0.70189
0.704625
0.699861
0.700152
0.703092
0.704601
0.696331
0.706608
0.702892
0.70256
0.697045
0.701752
0.703742
0.704624
0.704378
0.706587
0.705116
0.704561
0.697481
0.70205
0.702501
0.699566
0.706088
0.697075
0.703428
0.702577
0.705758
0.701089
0.699741
0.703434
0.704104
0.703945
0.701925
0.704538
0.698901
0.704636
0.705696
0.701513
0.70603
0.702084
0.704948
0.705358
0.700492
0.703292
0.70154
0.7026
0.703928
0.702349
0.704648
0.697694
0.704209
0.702419
0.703322
0.696658
0.703279
0.702543
0.70324
0.701602
0.706085
0.701004
0.702766
0.701581
0.703423
0.701365
0.705019
0.702927
0.700524
0.69966
0.706206
0.702387
0.701864
0.704536
0.704533
0.703776
0.706215
0.704536
0.699076
0.70632
0.703697
0.704152
0.703637
0.700679
0.700277
0.703183
0.706193
0.703798
0.70204
0.698436
0.704693
0.704478
0.703529
0.705517
0.704617
0.700991
0.704394
0.703389
0.702418
0.70386
0.705296
0.700457
0.700641
0.704954
0.700763
0.702146
0.701267
0.703262
0.701535
0.702981
0.701525
0.701982
0.69842
0.704164
0.705541
0.700018
0.705821
0.702349
0.701519
0.70125
0.703704
0.701368
0.69805
0.700629
0.69512
0.703806
0.703954
0.703408
0.699689
0.704997
0.703914
0.706647
0.700662
0.704794
0.698383
0.702702
0.701074
0.700043
0.703057
0.703557
0.703906
0.704013
0.698638
0.704741
0.704717
0.703438
0.705082
0.702224
0.700063
0.702235
0.703492
0.702445
0.700676
0.705906
0.704187
0.704832
0.70527
0.705125
0.704305
0.703693
0.704077
0.701239
0.70467
0.703948
0.705772
0.704625
0.702001
0.702651
0.701934
0.704734
0.705276
0.698754
0.704098
0.700105
0.702591
0.695804
0.705535
0.701277
0.702133
0.702716
0.700752
0.704817
0.70542
0.702472
0.701612
0.70408
0.699692
0.703262
0.699987
0.702177
0.705724
0.701934
0.700105
0.69823
0.705208
0.700244
0.703903
0.69886
0.704598
0.705862
0.702381
0.697273
0.704554
0.702494
0.699285
0.703847
0.701565
0.702808
0.705872
0.697324
0.700469
0.701405
0.698881
0.700146
0.701896
0.705653
0.697461
0.706245
0.704794
0.697085
0.702838
0.702893
0.702661
0.706639
0.701153
0.705284
0.703975
0.706234
0.702408
0.701106
0.703945
0.704398
0.697032
0.706038
0.701985
0.70346
0.702071
0.698465
0.703485
0.705296
0.705369
0.699603
0.704118
0.703588
0.705129
0.698928
0.705325
0.701636
0.701743
0.703134
0.702615
0.698548
0.700884
0.698613
0.703803
0.704364
0.702159
0.700815
0.698612
0.705651
0.704086
0.700383
0.698833
0.70374
0.703905
0.694301
0.703571
0.700686
0.698332
0.705341
0.705776
0.703523
0.70619
0.704718
0.702032
0.702832
0.705331
0.702088
0.704823
0.70164
0.703371
0.702977
0.704641
0.701933
0.703853
0.702754
0.702695
0.705036
0.702648
0.703837
0.702412
0.704861
0.702138
0.702822
0.702749
0.703776
0.701577
0.703645
0.703078
0.699331
0.706167
0.703471
0.699489
0.700609
0.697672
0.704755
0.704882
0.703155
0.697716
0.703997
0.701465
0.700595
0.700719
0.705155
0.701603
0.695093
0.703869
0.702902
0.705867
0.704179
0.703096
0.703078
0.698426
0.704492
0.695795
0.705392
0.700273
0.70089
0.703709
0.700482
0.704241
0.703558
0.703836
0.702809
0.705074
0.706107
0.704218
0.702027
0.705377
0.70567
0.704075
0.701422
0.701075
0.702518
0.701897
0.700673
0.699056
0.704373
0.700233
0.701784
0.698877
0.701466
0.700197
0.705055
0.704389
0.704651
0.700787
0.702993
0.704068
0.699392
0.703405
0.703361
0.704996
0.705036
0.700239
0.704403
0.702044
0.701338
0.706367
0.690479
0.69934
0.705913
0.702586
0.697612
0.70095
0.702347
0.70242
0.700061
0.700711
0.700246
0.701131
0.702441
0.704358
0.702782
0.703109
0.696969
0.706519
0.700223
0.703439
0.697444
0.705584
0.703704
0.700625
0.703753
0.706059
0.699893
0.704017
0.705175
0.705067
0.702271
0.700405
0.702576
0.705981
0.703193
0.705257
0.700736
0.706326
0.705676
0.704683
0.70317
0.704086
0.703058
0.703347
0.702481
0.698309
0.704173
0.703158
0.704938
0.7029
0.698991
0.702883
0.702737
0.703012
0.703555
0.700398
0.701591
0.701775
0.705557
0.706255
0.701613
0.706213
0.701131
0.698675
0.699391
0.704186
0.704649
0.700284
0.696761
0.704349
0.701377
0.703107
0.702795
0.701225
0.700635
0.700339
0.705438
0.703317
0.700193
0.705362
0.704426
0.703041
0.701658
0.701018
0.70627
0.702371
0.70335
0.704499
0.70249
0.703183
0.704238
0.701597
0.702776
0.703994
0.695976
0.702386
0.704041
0.702131
0.702143
0.698433
0.704309
0.705724
0.704244
0.70314
0.703016
0.701934
0.700781
0.701581
0.701634
0.703732
0.69953
0.698444
0.703134
0.692664
0.701195
0.701877
0.702208
0.704801
0.703044
0.703894
0.70022
0.701496
0.701328
0.70294
0.70243
0.700109
0.705028
0.700638
0.704843
0.701463
0.704975
0.696924
0.700674
0.703529
0.704315
0.702208
0.69871
0.702422
0.704377
0.701982
0.70235
0.698602
0.702022
0.701213
0.698755
0.702688
0.70378
0.70433
0.701898
0.706545
0.704365
0.697694
0.701437
0.699941
0.704884
0.700636
0.706748
0.704622
0.706411
0.700044
0.701541
0.702741
0.703868
0.702232
0.703416
0.701326
0.703415
0.70433
0.702425
0.701041
0.703844
0.70567
0.703679
0.705226
0.70348
0.703126
0.703372
0.703347
0.70443
0.704397
0.704378
0.703247
0.704471
0.702593
0.701511
0.706533
0.69908
0.699531
0.69988
0.704181
0.702525
0.704291
0.699702
0.700871
0.706015
0.705254
0.7042
0.705021
0.701465
0.706206
0.705873
0.70642
0.700844
0.703599
0.705468
0.701135
0.703766
0.704186
0.703571
0.698911
0.701776
0.69978
0.706078
0.702723
0.703765
0.702641
0.70155
0.704173
0.705081
0.70233
0.702952
0.699437
0.705724
0.699464
0.704912
0.700472
0.70212
0.702077
0.698483
0.703659
0.705053
0.704873
0.704138
0.703034
0.698767
0.701898
0.704522
0.706087
0.703371
0.699589
0.702343
0.702956
0.706032
0.705153
0.701792
0.704869
0.703818
0.699525
0.703587
0.7011
0.700635
0.700953
0.703562
0.705666
0.705125
0.706242
0.705774
0.704776
0.699543
0.698896
0.700039
0.702218
0.702114
0.702341
0.703861
0.700946
0.702944
0.700792
0.702835
0.703712
0.705549
0.703316
0.699121
0.702243
0.70004
0.699103
0.70396
0.70091
0.705916
0.698955
0.703363
0.703821
0.700558
0.702589
0.704834
0.705525
0.702677
0.704512
0.705526
0.698945
0.6937
0.701697
0.70256
0.700689
0.696202
0.702569
0.701415
0.704691
0.704412
0.698517
0.703886
0.700771
0.704142
0.703817
0.700774
0.703295
0.704461
0.702204
0.703905
0.702884
0.704015
0.704421
0.701933
0.703312
0.701555
0.70205
0.70663
0.697818
0.701857
0.699606
0.701968
0.704721
0.706762
0.703248
0.703396
0.704006
0.701223
0.69721
0.705293
0.701802
0.699656
0.69423
0.703105
0.702555
0.704502
0.701253
0.702607
0.702012
0.701746
0.699772
0.697726
0.701574
0.70287
0.703153
0.696677
0.701709
0.702148
0.701594
0.705201
0.703882
0.702804
0.705829
0.703746
0.703275
0.695375
0.704183
0.70309
0.704945
0.705609
0.705319
0.702001
0.702071
0.699707
0.704616
0.704381
0.700583
0.700201
0.701494
0.703936
0.705369
0.699976
0.70077
0.698836
0.702671
0.704999
0.702763
0.704337
0.701408
0.703555
0.702091
0.700411
0.701947
0.697611
0.704179
0.704056
0.703594
0.701218
0.699943
0.70225
0.705175
0.700933
0.703143
0.703278
0.699232
0.703625
0.703331
0.702104
0.703038
0.701615
0.705279
0.701809
0.703839
0.703228
0.702536
0.70276
0.702236
0.703292
0.6987
0.7011
0.702644
0.704304
0.700902
0.703718
0.703879
0.701353
0.702194
0.700735
0.701969
0.703111
0.700775
0.700147
0.703302
0.704626
0.702342
0.702032
0.697332
0.700413
0.702807
0.702657
0.7053
0.704442
0.703305
0.702965
0.69874
0.699556
0.700354
0.70091
0.698079
0.702951
0.704257
0.704661
0.699784
0.706245
0.69999
0.706284
0.69723
0.698819
0.705444
0.701102
0.702878
0.705159
0.703686
0.70217
0.705624
0.703695
0.70577
0.704327
0.705443
0.703073
0.702763
0.706139
0.702528
0.70148
0.703952
0.699572
0.703833
0.69959
0.701544
0.704502
0.702714
0.705084
0.705387
0.702784
0.70507
0.703213
0.703405
0.704325
0.702593
0.702372
0.697802
0.701627
0.697602
0.705938
0.703751
0.700938
0.701541
0.69979
0.700456
0.702914
0.702223
0.703966
0.704195
0.705853
0.701132
0.698662
0.702384
0.702303
0.701505
0.704358
0.702007
0.702947
0.701214
0.699563
0.704761
0.699105
0.705046
0.700647
0.700557
0.702209
0.697903
0.70144
0.702274
0.705087
0.699121
0.701137
0.704694
0.704717
0.699857
0.699185
0.705839
0.701821
0.701984
0.705059
0.705501
0.699146
0.705755
0.703405
0.701014
0.704282
0.699579
0.703307
0.701862
0.705664
0.704533
0.703529
0.69844
0.703942
0.703301
0.702549
0.705554
0.698889
0.703928
0.701972
0.697544
0.706567
0.698528
0.704552
0.701847
0.704213
0.702613
0.703395
0.704722
0.70319
0.706135
0.702129
0.700099
0.703006
0.698837
0.704899
0.703873
0.701139
0.701923
0.703448
0.699491
0.699198
0.704358
0.703891
0.700624
0.702337
0.704577
0.699719
0.700621
0.703589
0.701886
0.705544
0.702507
0.699759
0.701957
0.703789
0.699836
0.701873
0.70603
0.700593
0.699701
0.702629
0.702695
0.701189
0.701762
0.696558
0.7043
0.700605
0.701488
0.702731
0.704169
0.700955
0.700849
0.704161
0.699093
0.704343
0.702806
0.704548
0.704047
0.701834
0.704065
0.704079
0.703701
0.701834
0.705116
0.702498
0.705717
0.706689
0.703355
0.698707
0.702949
0.702445
0.70329
0.702121
0.70578
0.70382
0.700431
0.705171
0.701434
0.702594
0.704763
0.703536
0.703472
0.705952
0.705416
0.700417
0.698278
0.704707
0.701813
0.705032
0.702168
0.70176
0.699858
0.702377
0.700042
0.705369
0.697541
0.700294
0.699364
0.699964
0.705928
0.704043
0.702517
0.704125
0.702682
0.70603
0.704139
0.703534
0.701455
0.699644
0.70191
0.697625
0.704836
0.704136
0.703817
0.703754
0.703613
0.704796
0.699103
0.702901
0.699726
0.705796
0.700534
0.706143
0.705386
0.702519
0.704467
0.703286
0.69753
0.704161
0.704917
0.698357
0.702483
0.696353
0.704358
0.698552
0.70171
0.70222
0.702672
0.703829
0.70562
0.706511
0.703457
0.70263
0.70087
0.704498
0.704615
0.698784
0.698488
0.702877
0.705112
0.70487
0.697781
0.699415
0.700109
0.701244
0.699996
0.703571
0.697248
0.70509
0.700947
0.702026
0.704394
0.699642
0.696229
0.701845
0.702242
0.69856
0.700792
0.701486
0.70323
0.704274
0.70255
0.70329
0.702702
0.704905
0.70627
0.703758
0.702443
0.702931
0.700289
0.700985
0.70221
0.701475
0.704297
0.703412
0.702135
0.701561
0.704169
0.7043
0.701946
0.698064
0.701667
0.702454
0.705033
0.702917
0.704717
0.701886
0.704456
0.703334
0.701718
0.699665
0.704086
0.701369
0.703134
0.705398
0.700163
0.699666
0.70231
0.703427
0.702227
0.704426
0.705619
0.705999
0.702612
0.703074
0.698994
0.701656
0.702031
0.698137
0.706442
0.706902
0.703176
0.704857
0.702636
0.705919
0.704382
0.704869
0.702098
0.698984
0.69674
0.70494
0.701385
0.702109
0.701198
0.702466
0.702829
0.704486
0.703221
0.702544
0.695974
0.705444
0.703735
0.701256
0.705009
0.704797
0.703321
0.702685
0.704492
0.702634
0.705983
0.70413
0.705484
0.705975
0.706432
0.704498
0.699637
0.705619
0.704088
0.703361
0.705528
0.703633
0.702708
0.706485
0.70212
0.704688
0.705087
0.703998
0.705002
0.703954
0.697268
0.704244
0.696648
0.703052
0.705355
0.705873
0.703686
0.7007
0.70182
0.703038
0.700599
0.699549
0.702002
0.699011
0.702284
0.704586
0.697682
0.702424
0.70209
0.706392
0.70058
0.701963
0.705449
0.703488
0.703014
0.702598
0.70367
0.701918
0.704424
0.702367
0.702241
0.70375
0.703779
0.702611
0.704728
0.70167
0.702663
0.705123
0.702575
0.702561
0.704746
0.698964
0.704898
0.703557
0.700243
0.697949
0.699699
0.702292
0.701741
0.698936
0.704325
0.704291
0.697655
0.699701
0.703746
0.698395
0.705199
0.704734
0.703491
0.702866
0.703453
0.704241
0.701168
0.701502
0.701915
0.698397
0.696807
0.702494
0.703465
0.70437
0.705269
0.703624
0.70603
0.702196
0.704926
0.700496
0.695989
0.703453
0.703529
0.703697
0.705047
0.70019
0.704572
0.701521
0.703043
0.705563
0.705993
0.702363
0.704298
0.703367
0.705954
0.703304
0.702789
0.701403
0.70522
0.701338
0.701367
0.704697
0.702058
0.702913
0.704872
0.703307
0.706136
0.701519
0.703957
0.706541
0.703432
0.70524
0.699783
0.703902
0.704486
0.701101
0.700843
0.700283
0.703577
0.706748
0.702657
0.702201
0.703219
0.701862
0.702821
0.706215
0.70269
0.704218
0.702772
0.703968
0.706369
0.702628
0.704972
0.702384
0.703723
0.702428
0.700937
0.702253
0.702175
0.69988
0.704474
0.701265
0.705717
0.700557
0.698918
0.705305
0.702296
0.703153
0.70086
0.705514
0.704767
0.704951
0.704373
0.703708
0.702395
0.704078
0.699412
0.70506
0.701731
0.702863
0.703095
0.699975
0.701071
0.703357
0.702193
0.701192
0.701681
0.698581
0.704615
0.703506
0.703368
0.705046
0.697131
0.703686
0.698035
0.705251
0.703821
0.70248
0.702668
0.705804
0.699882
0.704236
0.702221
0.698599
0.702337
0.703994
0.700159
0.702309
0.704702
0.703319
0.70208
0.704092
0.702728
0.705544
0.704817
0.703872
0.700266
0.702805
0.703487
0.699757
0.705885
0.70335
0.703636
0.701237
0.704397
0.69891
0.701184
0.699605
0.699521
0.698795
0.701793
0.70343
0.703111
0.702362
0.70352
0.704947
0.705928
0.703345
0.701671
0.706244
0.706176
0.704875
0.706592
0.697891
0.698366
0.705394
0.706364
0.700321
0.698229
0.701929
0.704627
0.700138
0.705084
0.705709
0.703967
0.699418
0.696237
0.703011
0.705958
0.700299
0.701818
0.700883
0.703316
0.702593
0.703624
0.703709
0.702835
0.705287
0.70309
0.701163
0.694734
0.699298
0.698407
0.705155
0.700514
0.70063
0.70268
0.702562
0.705804
0.700085
0.703701
0.704505
0.702714
0.703819
0.701561
0.705527
0.701827
0.700891
0.701278
0.696908
0.704403
0.699365
0.703872
0.702702
0.702324
0.700525
0.699714
0.70276
0.700073
0.700159
0.701613
0.704432
0.705485
0.705001
0.705411
0.70195
0.704003
0.705851
0.704897
0.703333
0.70527
0.700294
0.702091
0.702903
0.70026
0.704997
0.702205
0.705629
0.705608
0.706739
0.698456
0.700268
0.70276
0.705287
0.70207
0.704533
0.705207
0.703075
0.705077
0.703101
0.704429
0.706068
0.696309
0.705105
0.704746
0.697057
0.702561
0.70285
0.702594
0.702944
0.705539
0.704901
0.702109
0.702243
0.697148
0.701034
0.702864
0.702914
0.703159
0.701068
0.705608
0.705981
0.705383
0.705226
0.70222
0.700456
0.705843
0.705426
0.702612
0.6965
0.701314
0.703332
0.70568
0.705078
0.701445
0.702753
0.703651
0.69887
0.703054
0.704946
0.705514
0.703925
0.704874
0.704362
0.700618
0.701549
0.703241
0.700774
0.699997
0.696075
0.706003
0.701306
0.702882
0.703529
0.704914
0.704183
0.700966
0.702953
0.700328
0.702128
0.700677
0.70126
0.699087
0.705437
0.704614
0.702191
0.703738
0.702653
0.704696
0.701402
0.701793
0.704702
0.706784
0.704625
0.699587
0.705887
0.704217
0.704644
0.696637
0.702221
0.703889
0.696521
0.700164
0.700474
0.702159
0.702309
0.703725
0.703323
0.70417
0.704108
0.697923
0.704816
0.703806
0.704053
0.705146
0.704403
0.704053
0.701698
0.704399
0.696605
0.701654
0.703858
0.701903
0.704189
0.700195
0.701325
0.703718
0.69794
0.706567
0.701397
0.703188
0.702722
0.703697
0.698012
0.701987
0.704829
0.704496
0.70242
0.697658
0.702569
0.70311
0.701663
0.701081
0.702389
0.703104
0.704721
0.699013
0.703818
0.703668
0.704625
0.705057
0.702783
0.700682
0.703411
0.703067
0.703945
0.704439
0.702772
0.703918
0.697717
0.703075
0.70396
0.702839
0.702715
0.70373
0.703478
0.700448
0.700875
0.703575
0.702088
0.700025
0.705
0.701458
0.703101
0.7024
0.703701
0.701184
0.699429
0.703588
0.70573
0.703168
0.69871
0.703324
0.705032
0.699046
0.704003
0.704492
0.700825
0.705257
0.701199
0.703305
0.706305
0.699858
0.70573
0.703339
0.701599
0.702461
0.700303
0.700597
0.705703
0.701919
0.706437
0.698215
0.702071
0.702077
0.703007
0.706651
0.700811
0.70562
0.70196
0.704784
0.705113
0.705401
0.703346
0.70395
0.703689
0.701624
0.701263
0.703689
0.702543
0.704091
0.702246
0.703594
0.70027
0.701631
0.700941
0.70168
0.698
0.701776
0.703869
0.703685
0.704226
0.703758
0.702582
0.702015
0.698526
0.702613
0.703816
0.705002
0.70309
0.703437
0.703383
0.704383
0.702646
0.703105
0.705766
0.704482
0.70404
0.704841
0.699771
0.703616
0.70259
0.700361
0.703957
0.700175
0.704539
0.703301
0.703268
0.703161
0.701629
0.702793
0.698918
0.702524
0.700557
0.706068
0.704394
0.702428
0.700239
0.706774
0.706337
0.701119
0.699769
0.7042
0.698772
0.703906
0.69695
0.699103
0.699769
0.702593
0.702838
0.703552
0.704088
0.705522
0.702209
0.699917
0.696569
0.702581
0.706264
0.70558
0.704886
0.703555
0.701128
0.701925
0.704944
0.705691
0.705568
0.699007
0.69618
0.698441
0.705515
0.702804
0.701405
0.706227
0.702301
0.702648
0.700875
0.704443
0.704104
0.700156
0.703648
0.703945
0.704749
0.70024
0.701075
0.702489
0.700024
0.701617
0.706342
0.702495
0.705075
0.697741
0.701707
0.704271
0.700388
0.701934
0.704138
0.700203
0.704163
0.70381
0.702424
0.7033
0.705436
0.705558
0.702771
0.70103
0.703284
0.703986
0.704894
0.705669
0.700366
0.705441
0.701606
0.704533
0.703006
0.705914
0.705093
0.702224
0.701958
0.698019
0.702095
0.702914
0.701908
0.704018
0.703304
0.700337
0.703231
0.700949
0.698735
0.704572
0.706768
0.704856
0.701503
0.698554
0.703932
0.702078
0.704393
0.703736
0.702143
0.698437
0.702295
0.703388
0.701022
0.704665
0.702141
0.705211
0.701594
0.700662
0.701484
0.702724
0.702365
0.70171
0.703217
0.704489
0.701316
0.706221
0.706115
0.699506
0.702757
0.694415
0.703999
0.701848
0.700968
0.702569
0.700115
0.699948
0.705931
0.701817
0.704116
0.703589
0.700419
0.70615
0.704494
0.702213
0.705031
0.702721
0.694449
0.702451
0.70537
0.703955
0.698885
0.703667
0.705569
0.702314
0.705682
0.701549
0.702319
0.704659
0.699918
0.700831
0.703438
0.69985
0.706013
0.70061
0.704463
0.701267
0.705923
0.704663
0.704827
0.704631
0.702689
0.703649
0.702078
0.702658
0.705821
0.703232
0.702805
0.700362
0.701611
0.700254
0.69929
0.704843
0.704398
0.702911
0.702746
0.703038
0.703416
0.70332
0.704592
0.702792
0.705028
0.70166
0.70284
0.701105
0.702032
0.705047
0.698073
0.706218
0.701602
0.70519
0.702662
0.704078
0.70519
0.701761
0.701455
0.702893
0.70251
0.70137
0.70329
0.704902
0.701733
0.70398
0.702771
0.705171
0.700815
0.700627
0.6999
0.70225
0.699196
0.700207
0.704836
0.701324
0.702743
0.70393
0.703313
0.705206
0.700096
0.702599
0.704044
0.70347
0.704194
0.701587
0.70177
0.702554
0.704055
0.701512
0.700052
0.701607
0.704073
0.703435
0.698712
0.702443
0.703612
0.698596
0.700105
0.701901
0.699208
0.704021
0.703132
0.702674
0.705133
0.702924
0.703961
0.70172
0.704109
0.701718
0.704829
0.699746
0.706994
0.705949
0.705976
0.706342
0.704839
0.704616
0.698229
0.706762
0.705078
0.702606
0.704955
0.706085
0.705316
0.69815
0.702104
0.705821
0.703983
0.703051
0.703929
0.702796
0.705573
0.70268
0.69791
0.699166
0.702106
0.700795
0.700182
0.704742
0.70209
0.704207
0.702798
0.703616
0.702808
0.700644
0.702308
0.701909
0.702042
0.704906
0.703612
0.703322
0.701403
0.703333
0.703496
0.703558
0.705045
0.705464
0.70223
0.696722
0.704974
0.700318
0.69764
0.701803
0.6988
0.698147
0.704725
0.699993
0.702677
0.701901
0.704072
0.700697
0.697636
0.698181
0.704401
0.702689
0.705965
0.701043
0.702538
0.703868
0.700957
0.704761
0.705562
0.697543
0.703605
0.703343
0.701362
0.703458
0.700316
0.698009
0.700419
0.704331
0.700113
0.704061
0.698188
0.701139
0.701731
0.701919
0.703076
0.702541
0.703274
0.700951
0.69921
0.701447
0.703529
0.703425
0.704671
0.70281
0.706209
0.703467
0.702887
0.704439
0.701402
0.703042
0.700836
0.703075
0.704494
0.702727
0.704903
0.70524
0.701291
0.702615
0.702867
0.70567
0.704558
0.700987
0.698227
0.705749
0.704644
0.705381
0.705936
0.703128
0.704654
0.703179
0.702879
0.70103
0.700984
0.698913
0.700899
0.704612
0.701524
0.701848
0.702483
0.702803
0.703305
0.701691
0.703289
0.705185
0.698202
0.700916
0.703486
0.703943
0.701918
0.699079
0.702581
0.700944
0.700588
0.706202
0.703659
0.702902
0.702204
0.699452
0.702437
0.704466
0.698982
0.704139
0.702462
0.701202
0.702814
0.70617
0.702469
0.699291
0.703784
0.701546
0.703353
0.70439
0.705724
0.703274
0.702228
0.706647
0.704776
0.701894
0.701382
0.700244
0.702113
0.703526
0.703525
0.70335
0.698149
0.704108
0.702133
0.702452
0.70186
0.70648
0.700057
0.701199
0.697678
0.702802
0.702884
0.70495
0.704201
0.703297
0.701872
0.701576
0.703672
0.702596
0.706289
0.705074
0.702755
0.703839
0.704244
0.698229
0.704776
0.70228
0.699926
0.705843
0.700428
0.701898
0.702911
0.702966
0.702993
0.704779
0.699138
0.704212
0.701275
0.700106
0.70166
0.701231
0.706068
0.70435
0.702159
0.701326
0.699911
0.703632
0.703346
0.702377
0.701534
0.700946
0.703066
0.700894
0.701787
0.693274
0.702605
0.701549
0.702074
0.705398
0.699319
0.704471
0.704322
0.70167
0.705526
0.705796
0.699558
0.703953
0.702773
0.706298
0.70338
0.704145
0.703648
0.705364
0.703974
0.702893
0.70147
0.702284
0.701435
0.704887
0.701276
0.700984
0.701713
0.704234
0.705485
0.699664
0.705573
0.705023
0.702773
0.705394
0.703206
0.700431
0.705776
0.696112
0.704156
0.704151
0.704786
0.705969
0.702779
0.700975
0.703798
0.704072
0.702205
0.697935
0.703613
0.702212
0.705267
0.702234
0.703545
0.699754
0.698247
0.705606
0.699054
0.702058
0.703493
0.701967
0.704507
0.703023
0.703922
0.703479
0.699062
0.7033
0.701974
0.705928
0.700983
0.697733
0.701649
0.706019
0.69678
0.701613
0.705457
0.703648
0.698839
0.704472
0.704668
0.705527
0.702024
0.703836
0.701519
0.7047
0.704658
0.705456
0.703813
0.706012
0.703523
0.704396
0.70311
0.704881
0.70346
0.697437
0.703903
0.704305
0.703545
0.705286
0.704344
0.702252
0.703816
0.704272
0.702385
0.701459
0.701839
0.694796
0.703816
0.701625
0.697687
0.700158
0.706485
0.698673
0.702536
0.697159
0.704163
0.699955
0.702761
0.703492
0.706333
0.704753
0.704025
0.700006
0.703139
0.70295
0.704484
0.702996
0.703783
0.705471
0.700442
0.704195
0.704047
0.694519
0.703105
0.703533
0.700412
0.702346
0.705267
0.700737
0.702467
0.705623
0.702104
0.697099
0.703168
0.705655
0.701606
0.703125
0.701679
0.702668
0.704499
0.702454
0.705843
0.702954
0.699981
0.700298
0.704455
0.699588
0.70374
0.702933
0.698604
0.704434
0.702786
0.697923
0.704251
0.706639
0.705401
0.702284
0.703108
0.698542
0.702746
0.704612
0.704573
0.703323
0.70053
0.701515
0.703644
0.704505
0.704669
0.701973
0.703751
0.702942
0.704513
0.702566
0.702129
0.702047
0.698598
0.704104
0.70047
0.705323
0.703353
0.701241
0.70289
0.699973
0.704326
0.701251
0.703371
0.703648
0.696326
0.704207
0.705459
0.702921
0.700488
0.703864
0.702439
0.706133
0.703577
0.703743
0.700285
0.706151
0.701354
0.70043
0.70031
0.702203
0.69931
0.701692
0.7037
0.699228
0.705043
0.699697
0.705536
0.703486
0.704776
0.703072
0.704234
0.7037
0.702655
0.705167
0.700408
0.701269
0.703906
0.705116
0.703559
0.699989
0.705398
0.704368
0.702334
0.704358
0.706877
0.69829
0.699587
0.697415
0.70071
0.70684
0.696268
0.700508
0.70377
0.701575
0.705923
0.700986
0.705564
0.703062
0.703661
0.703818
0.703248
0.703349
0.700398
0.706012
0.697783
0.702988
0.700775
0.704865
0.698172
0.704326
0.704382
0.703006
0.699312
0.698408
0.702254
0.702946
0.703567
0.697625
0.699602
0.70006
0.698195
0.701319
0.702845
0.701459
0.70439
0.702329
0.703539
0.704327
0.701811
0.705872
0.700132
0.701728
0.70222
0.702613
0.703548
0.705365
0.703431
0.705341
0.703746
0.704917
0.706116
0.701262
0.702046
0.701962
0.701071
0.703481
0.701252
0.702524
0.704002
0.701293
0.701325
0.705019
0.70099
0.702548
0.704572
0.704434
0.699332
0.700638
0.703483
0.699191
0.702776
0.703213
0.704109
0.705787
0.703942
0.703066
0.699535
0.703864
0.702951
0.70026
0.701436
0.701192
0.701867
0.701119
0.698894
0.70102
0.699516
0.703209
0.703746
0.702661
0.702149
0.701959
0.697077
0.704115
0.701006
0.703231
0.703315
0.704462
0.699754
0.703032
0.704428
0.702454
0.701067
0.705928
0.705691
0.705028
0.70265
0.704268
0.6964
0.703725
0.704918
0.70396
0.69969
0.699302
0.705489
0.699985
0.70485
0.705255
0.701116
0.702915
0.702648
0.70374
0.703996
0.704195
0.703064
0.701377
0.700885
0.70225
0.706242
0.701841
0.70245
0.703566
0.701446
0.700544
0.704142
0.702031
0.700888
0.702261
0.701016
0.704138
0.701086
0.702073
0.70595
0.706248
0.703552
0.705549
0.705527
0.702548
0.703529
0.702503
0.702727
0.700811
0.702046
0.702434
0.703033
0.700719
0.705329
0.703552
0.701319
0.703147
0.706158
0.698268
0.703486
0.705436
0.700741
0.700321
0.698689
0.706533
0.702481
0.701239
0.702093
0.70216
0.700563
0.702471
0.702932
0.703961
0.704989
0.698197
0.70297
0.704466
0.699982
0.70264
0.697752
0.699067
0.703749
0.705139
0.699395
0.703596
0.703821
0.702792
0.701086
0.704843
0.702822
0.6998
0.699441
0.702938
0.705774
0.704297
0.702612
0.700442
0.703
0.700868
0.705316
0.697531
0.705344
0.703041
0.701356
0.703134
0.694184
0.701801
0.704513
0.701822
0.703903
0.700921
0.704594
0.704057
0.700567
0.702267
0.698934
0.703466
0.70525
0.700275
0.699693
0.704322
0.705178
0.702837
0.700325
0.702628
0.706142
0.698166
0.703879
0.69841
0.702818
0.694658
0.704782
0.703475
0.702807
0.702461
0.702457
0.705181
0.702925
0.705427
0.704159
0.700169
0.705323
0.703797
0.704139
0.704799
0.705286
0.703776
0.700934
0.700965
0.703593
0.698749
0.702119
0.702576
0.701867
0.703321
0.702008
0.705227
0.70209
0.705255
0.706244
0.703309
0.699505
0.704552
0.703385
0.699514
0.702409
0.702012
0.703693
0.703949
0.705052
0.703779
0.702718
0.701064
0.700867
0.70529
0.704482
0.701304
0.704017
0.706584
0.703954
0.698685
0.702082
0.703109
0.703689
0.699775
0.70133
0.705368
0.697633
0.698555
0.702001
0.699451
0.700204
0.700934
0.70403
0.700687
0.701042
0.70323
0.701198
0.702326
0.701396
0.701614
0.702921
0.704457
0.699433
0.697295
0.703912
0.699945
0.703688
0.697383
0.699881
0.704726
0.704964
0.70156
0.702674
0.705618
0.705867
0.700476
0.70169
0.699901
0.703062
0.703411
0.701505
0.701562
0.704504
0.702866
0.704865
0.706111
0.700207
0.703217
0.702609
0.70182
0.705645
0.702528
0.702345
0.702913
0.705249
0.70246
0.700571
0.700404
0.705045
0.701305
0.699311
0.70615
0.701181
0.705441
0.705563
0.704405
0.70038
0.700018
0.702047
0.703294
0.705079
0.70514
0.704475
0.70168
0.704589
0.70322
0.698969
0.703316
0.701566
0.703621
0.700481
0.701239
0.702798
0.701858
0.700796
0.701641
0.704784
0.702254
0.703893
0.705632
0.699987
0.705735
0.69983
0.701627
0.701877
0.703608
0.701501
0.702972
0.704507
0.704566
0.704518
0.703567
0.700618
0.703219
0.70509
0.705949
0.701957
0.702501
0.704192
0.704093
0.701443
0.702825
0.70201
0.701062
0.703352
0.705532
0.703109
0.696806
0.703779
0.700774
0.706873
0.702341
0.70356
0.704178
0.700195
0.703617
0.702314
0.703849
0.700833
0.701392
0.705632
0.705435
0.703095
0.703856
0.704507
0.704109
0.703438
0.69981
0.70402
0.70229
0.703822
0.704086
0.706439
0.705821
0.700773
0.70326
0.705634
0.697926
0.701175
0.698382
0.704734
0.702044
0.70545
0.702309
0.702854
0.701344
0.704244
0.705169
0.706407
0.704898
0.702911
0.695938
0.702644
0.702603
0.701853
0.704293
0.705486
0.699646
0.704052
0.701932
0.704202
0.702605
0.702603
0.699985
0.70008
0.701753
0.704799
0.703492
0.702017
0.70182
0.701015
0.699924
0.701472
0.704014
0.705542
0.702426
0.698224
0.705787
0.705351
0.701191
0.702947
0.70543
0.704898
0.702864
0.703479
0.70341
0.701855
0.702284
0.703695
0.700885
0.699755
0.702917
0.695942
0.699355
0.703999
0.69876
0.702246
0.704178
0.702108
0.70337
0.703517
0.70219
0.703583
0.702779
0.701669
0.704424
0.700253
0.705452
0.703893
0.70642
0.705999
0.705443
0.700644
0.699577
0.704972
0.705501
0.701593
0.705482
0.703606
0.699901
0.701575
0.704638
0.704214
0.702878
0.701487
0.704227
0.705766
0.702476
0.701438
0.704194
0.701577
0.701142
0.702643
0.703735
0.704539
0.703226
0.703836
0.703076
0.703079
0.703266
0.702955
0.701335
0.699344
0.700047
0.701722
0.702717
0.70198
0.702111
0.70623
0.704571
0.702386
0.703204
0.705564
0.703098
0.695518
0.699768
0.695445
0.700181
0.702901
0.704773
0.704734
0.700426
0.702973
0.704453
0.699607
0.70321
0.702577
0.698166
0.70241
0.70311
0.704194
0.703353
0.702888
0.702895
0.703404
0.702427
0.705795
0.703056
0.702175
0.705575
0.704876
0.700916
0.699718
0.703404
0.702969
0.706532
0.704526
0.704377
0.705483
0.701466
0.701529
0.70157
0.699324
0.70088
0.704818
0.699335
0.704654
0.70381
0.702617
0.701276
0.699581
0.700147
0.704177
0.70096
0.705401
0.700698
0.702793
0.703588
0.697628
0.701655
0.705085
0.701011
0.698972
0.700138
0.706739
0.702052
0.699837
0.705667
0.701097
0.704396
0.701408
0.705002
0.701819
0.702512
0.703044
0.705776
0.704759
0.701007
0.699664
0.700293
0.701977
0.705969
0.69515
0.704506
0.697129
0.70648
0.70356
0.703038
0.703509
0.7029
0.703921
0.703806
0.702349
0.702962
0.702936
0.703023
0.705473
0.706301
0.702534
0.704433
0.703576
0.700526
0.703712
0.698179
0.699468
0.702257
0.700769
0.704526
0.701665
0.702141
0.705899
0.696913
0.701541
0.701997
0.702319
0.70483
0.704513
0.703773
0.706221
0.704749
0.70054
0.70134
0.705563
0.701626
0.698797
0.704748
0.699872
0.70404
0.705547
0.700166
0.700385
0.701622
0.706535
0.705538
0.70153
0.701779
0.703842
0.699071
0.699717
0.704556
0.704137
0.703312
0.702309
0.700633
0.701291
0.694986
0.705373
0.699666
0.702931
0.702822
0.702708
0.697697
0.701973
0.702594
0.699195
0.704148
0.700683
0.703262
0.705387
0.705319
0.704871
0.705228
0.704675
0.701165
0.700158
0.703535
0.704496
0.702306
0.700191
0.704734
0.703159
0.701143
0.702725
0.703143
0.70347
0.704118
0.703555
0.7015
0.70498
0.701841
0.699945
0.703891
0.705284
0.698076
0.69748
0.702142
0.70615
0.700792
0.705515
0.702047
0.704636
0.703272
0.702657
0.702838
0.705223
0.702035
0.699747
0.695421
0.701992
0.706053
0.704342
0.704327
0.704499
0.702563
0.70567
0.702641
0.703645
0.70654
0.701144
0.703749
0.700617
0.703158
0.703689
0.705497
0.702452
0.705045
0.702981
0.70294
0.698907
0.702081
0.700983
0.704784
0.703344
0.705373
0.700509
0.704548
0.702183
0.70568
0.70294
0.698252
0.701216
0.703184
0.703826
0.701285
0.702801
0.703725
0.702593
0.705899
0.699969
0.704764
0.703206
0.705286
0.702784
0.699841
0.700182
0.697695
0.706407
0.70391
0.702301
0.702864
0.70107
0.699283
0.69959
0.706576
0.701961
0.703566
0.702005
0.703932
0.702652
0.699282
0.704746
0.70489
0.702245
0.703564
0.703064
0.702498
0.704472
0.703142
0.704193
0.703648
0.704011
0.703588
0.702819
0.706902
0.704268
0.706038
0.705562
0.705665
0.700512
0.700734
0.698944
0.698811
0.70185
0.704665
0.698559
0.704086
0.703601
0.705424
0.704773
0.705098
0.705578
0.704974
0.698161
0.698801
0.699264
0.704564
0.702814
0.702951
0.700602
0.699487
0.704403
0.701701
0.705899
0.705122
0.700557
0.705852
0.703184
0.701015
0.698755
0.699946
0.703928
0.701925
0.705174
0.70014
0.702573
0.703766
0.703367
0.704666
0.699961
0.698812
0.704218
0.696598
0.701347
0.700533
0.702776
0.702498
0.70316
0.698825
0.70614
0.701853
0.70294
0.700867
0.705355
0.700772
0.699592
0.703731
0.703703
0.704135
0.698927
0.701809
0.703535
0.703872
0.701197
0.699334
0.702358
0.701699
0.703753
0.702576
0.703372
0.704617
0.699445
0.700613
0.702933
0.702718
0.702524
0.705436
0.700217
0.702136
0.700275
0.705473
0.70593
0.703483
0.704105
0.703608
0.702855
0.70051
0.704886
0.701923
0.705724
0.7031
0.703529
0.701276
0.70588
0.704714
0.701643
0.700955
0.704536
0.702934
0.698994
0.705336
0.698183
0.700161
0.703441
0.7025
0.700413
0.70529
0.702227
0.702987
0.696512
0.702778
0.700835
0.705028
0.700943
0.704561
0.697901
0.7042
0.703976
0.703023
0.701788
0.706129
0.701718
0.703385
0.70097
0.700964
0.704612
0.705237
0.701915
0.701978
0.705076
0.704694
0.706167
0.702914
0.703321
0.704451
0.703693
0.702931
0.702341
0.705993
0.704043
0.705487
0.700857
0.704537
0.694287
0.703745
0.705082
0.701177
0.700457
0.703116
0.700903
0.702449
0.701521
0.698482
0.701136
0.703386
0.700397
0.702383
0.701841
0.706367
0.704571
0.699998
0.701649
0.70246
0.705507
0.702404
0.699266
0.704041
0.703918
0.705092
0.705043
0.698274
0.699198
0.700118
0.704752
0.702048
0.70131
0.699346
0.702575
0.702899
0.704448
0.703323
0.701631
0.70053
0.702641
0.701048
0.705043
0.703933
0.702286
0.704626
0.701181
0.701107
0.704841
0.70205
0.701822
0.699301
0.703765
0.700902
0.701143
0.704597
0.704826
0.701005
0.702395
0.696666
0.70047
0.705575
0.704358
0.700914
0.703704
0.704463
0.704489
0.700114
0.70335
0.703858
0.705735
0.701808
0.701885
0.702506
0.704788
0.70175
0.703037
0.703547
0.704677
0.702886
0.704938
0.705707
0.704816
0.702476
0.702079
0.702873
0.701226
0.699833
0.704475
0.702334
0.704199
0.70294
0.702811
0.702638
0.705135
0.702154
0.701906
0.700724
0.706395
0.702568
0.696067
0.702108
0.702082
0.701141
0.704003
0.700136
0.7014
0.700913
0.703533
0.706301
0.701397
0.701123
0.703272
0.703612
0.699182
0.702854
0.702673
0.704145
0.703879
0.698266
0.698796
0.702353
0.701438
0.698988
0.704167
0.705064
0.701258
0.701743
0.698497
0.705265
0.702407
0.700529
0.705439
0.702783
0.701274
0.701725
0.703675
0.702381
0.70528
0.704025
0.70313
0.703706
0.70154
0.698806
0.702246
0.706038
0.700034
0.703886
0.702267
0.704729
0.698976
0.702866
0.703753
0.704225
0.706448
0.703487
0.701218
0.702823
0.699721
0.704013
0.704326
0.699839
0.704392
0.704078
0.700982
0.701454
0.704506
0.700322
0.698952
0.704006
0.70516
0.705568
0.703928
0.702242
0.70355
0.705675
0.697411
0.703096
0.704004
0.703349
0.704013
0.701144
0.703736
0.700444
0.702098
0.702848
0.702646
0.701298
0.704852
0.70363
0.702528
0.704736
0.700634
0.700567
0.704036
0.704101
0.700791
0.703705
0.703733
0.701844
0.701053
0.700606
0.702143
0.704437
0.701834
0.703712
0.699419
0.705576
0.704412
0.701565
0.704093
0.700229
0.702946
0.702329
0.705568
0.69895
0.703644
0.702439
0.703797
0.70311
0.703611
0.701745
0.702105
0.70372
0.702257
0.703398
0.704098
0.703924
0.703142
0.701371
0.704397
0.705094
0.702182
0.698644
0.702715
0.703778
0.701033
0.698021
0.703835
0.7049
0.7039
0.702677
0.705118
0.70524
0.704033
0.704188
0.701421
0.697634
0.704889
0.704726
0.705118
0.703991
0.700622
0.699818
0.705675
0.704022
0.704403
0.705525
0.700648
0.704665
0.703758
0.702156
0.700521
0.70556
0.701703
0.700077
0.70635
0.697237
0.701826
0.699369
0.696635
0.702196
0.705352
0.703484
0.700169
0.697255
0.699701
0.7059
0.701853
0.700651
0.706673
0.704906
0.701176
0.704898
0.705597
0.701207
0.706651
0.698795
0.705505
0.703568
0.698739
0.704653
0.702932
0.700182
0.698142
0.703099
0.706134
0.701613
0.699646
0.705608
0.702944
0.702214
0.697975
0.703361
0.703804
0.699518
0.701328
0.706364
0.705932
0.701393
0.70188
0.703695
0.699818
0.701745
0.700234
0.701739
0.705965
0.706392
0.701512
0.706669
0.704216
0.702352
0.698999
0.70208
0.705072
0.697583
0.703967
0.700134
0.703547
0.700573
0.701509
0.705469
0.704912
0.69938
0.705665
0.702607
0.703205
0.701465
0.701512
0.699664
0.705648
0.701723
0.704428
0.70632
0.701974
0.705069
0.701227
0.703032
0.699107
0.702676
0.702915
0.701446
0.703555
0.704979
0.704824
0.705667
0.704607
0.69991
0.704682
0.706671
0.704424
0.706579
0.705257
0.699136
0.705318
0.70032
0.701898
0.701594
0.696135
0.703938
0.702106
0.704289
0.703707
0.705449
0.702859
0.699806
0.697123
0.703487
0.700696
0.703819
0.702398
0.70506
0.69771
0.698101
0.700728
0.696484
0.70222
0.70169
0.705484
0.704958
0.699373
0.703588
0.702902
0.69965
0.705899
0.699337
0.703098
0.703701
0.705518
0.697122
0.70085
0.699961
0.70018
0.699046
0.704548
0.702118
0.705977
0.704972
0.699658
0.697276
0.700684
0.702074
0.701213
0.70694
0.702533
0.703439
0.701004
0.699928
0.704726
0.702423
0.701202
0.705158
0.699722
0.699866
0.706013
0.704695
0.700696
0.705257
0.699738
0.703028
0.700897
0.703821
0.701807
0.704751
0.7023
0.705286
0.704666
0.701141
0.700907
0.701289
0.701348
0.699071
0.704246
0.70202
0.704079
0.703183
0.706458
0.703221
0.701636
0.703685
0.704201
0.701742
0.702972
0.705661
0.704437
0.706365
0.703601
0.699599
0.702318
0.700373
0.701696
0.702556
0.69938
0.700771
0.703259
0.703366
0.70355
0.70471
0.705336
0.702206
0.705522
0.696255
0.703613
0.700767
0.699991
0.69796
0.701317
0.700559
0.704306
0.702123
0.704077
0.704975
0.70099
0.70375
0.701976
0.701032
0.696262
0.705937
0.700971
0.701579
0.705104
0.704955
0.703195
0.699265
0.701881
0.698635
0.703567
0.70195
0.698254
0.697875
0.703856
0.702602
0.70353
0.706189
0.703704
0.706068
0.701692
0.702893
0.700022
0.699107
0.705424
0.703319
0.705185
0.696693
0.705047
0.702444
0.701771
0.704252
0.70394
0.706102
0.698546
0.704449
0.697696
0.699524
0.705073
0.703626
0.70585
0.702857
0.701289
0.702954
0.706161
0.701788
0.701438
0.705459
0.701555
0.703212
0.697568
0.700825
0.701121
0.703531
0.702118
0.700131
0.697117
0.703444
0.7011
0.703116
0.700234
0.704179
0.705386
0.703677
0.701392
0.700953
0.706023
0.698814
0.706485
0.704507
0.703968
0.701854
0.702089
0.702604
0.70293
0.702303
0.70418
0.699793
0.70169
0.703448
0.704811
0.701848
0.704241
0.703366
0.704625
0.703199
0.705151
0.697317
0.701459
0.706257
0.702203
0.702217
0.702498
0.705134
0.704618
0.704471
0.706535
0.702725
0.70618
0.696957
0.701498
0.702569
0.705541
0.70144
0.70394
0.699296
0.704236
0.702018
0.704975
0.701225
0.701804
0.698391
0.70389
0.703645
0.701217
0.702729
0.701103
0.704078
0.7052
0.703272
0.705325
0.702947
0.702363
0.702509
0.706033
0.705133
0.704581
0.69462
0.700806
0.704217
0.702845
0.706133
0.705178
0.705116
0.703297
0.701962
0.700403
0.705769
0.700762
0.704362
0.704471
0.702724
0.704426
0.701805
0.698799
0.699609
0.703595
0.705804
0.703993
0.704888
0.701793
0.705029
0.699518
0.70194
0.704201
0.706602
0.703655
0.700595
0.705285
0.705255
0.699503
0.705046
0.704482
0.695581
0.701055
0.704887
0.703704
0.70168
0.702306
0.699087
0.702766
0.703329
0.69993
0.703918
0.704287
0.704069
0.704554
0.698131
0.702232
0.706509
0.706078
0.704794
0.704997
0.701403
0.700632
0.700265
0.700403
0.701481
0.704424
0.701836
0.705352
0.703
0.703545
0.701817
0.704745
0.701225
0.703682
0.704729
0.701895
0.705444
0.699406
0.706673
0.702825
0.705629
0.702928
0.699334
0.705355
0.703623
0.703831
0.702995
0.704706
0.704653
0.702564
0.702543
0.702928
0.70615
0.704489
0.702504
0.702882
0.705463
0.701587
0.700569
0.699148
0.705709
0.701171
0.700711
0.700387
0.706172
0.703915
0.705462
0.696537
0.704847
0.701397
