0.000597872
0.0010325
0.000391202
0.000390853
0.000485783
0.00090419
5.34576e-05
0.000429283
0.000431618
0.000672803
0.000117512
0.000447656
0.00024038
0.000618567
0.000473113
0.000339303
0.000419724
0.000795139
9.34097e-05
0.000221114
0.000435678
0.000569743
0.000544916
0.000347636
0.000422044
0.000836119
0.000444577
0.000264372
0.00075613
0.000910333
0.000383134
0.000163853
0.000313727
0.000777981
0.000454394
0.000649438
0.00040128
0.000365655
0.000468029
0.000978583
0.000818712
0.000225865
0.000901695
0.000248397
0.000383695
0.000519323
0.000870105
0.000237254
0.000355444
0.000538558
0.00106875
0.000407802
0.000654177
0.000595705
0.000726487
0.000833051
0.000667389
0.000249268
0.000491908
9.55234e-05
0.000437972
0.000147961
0.000456081
0.000621322
0.000557337
0.00036808
0.001053
0.00061711
0.000410909
0.000798895
0.000362496
0.000352903
0.000564076
0.000210037
0.000374915
0.000410734
0.000852431
0.000282983
0.000734419
0.000268288
0.000808013
0.00102408
0.000539771
0.00030785
0.000427389
0.000597581
0.000363998
0.000490886
0.000440592
0.000589049
0.000590055
0.000585723
0.000276161
0.000806398
0.000402871
0.000241502
0.000321674
0.000332648
0.000407933
0.000627425
0.00078802
0.000254133
0.000934193
0.000290382
0.000223966
0.00057105
0.000224826
0.000457184
0.000449287
0.00062216
0.000379032
0.000168379
0.000441786
0.000384418
0.000240271
0.000559443
0.000368708
9.53823e-05
0.000169416
0.000279464
0.000623614
0.000333359
0.000679705
9.73348e-05
0.000749366
0.000862797
0.000653738
0.000474959
0.00034847
0.000234567
0.000494572
0.000495338
0.000287029
0.000549879
0.000190436
0.000203525
0.000220454
0.000549729
0.00104449
0.00118054
0.00028871
0.000205605
0.000372893
0.000641089
0.00034977
0.000605109
0.000412373
0.000827608
0.000572555
0.000352276
0.000840405
0.0008641
0.000259313
0.000269562
0.00104834
0.000287072
0.000382813
0.00038174
0.000775097
0.000299067
0.000434687
0.000174068
0.000360215
0.000299635
0.000486994
0.000471158
0.000376381
0.000224281
6.8219e-05
0.000988686
0.000415363
0.000274449
0.000389599
0.000364703
0.000755963
0.000363142
0.000699739
0.000687155
0.000700957
0.000506536
0.00063491
0.000412517
0.000466949
0.000261372
0.000423836
0.000619258
0.000308964
0.000158397
0.000679777
0.000611148
0.000329259
0.000562828
0.000463168
0.000359413
0.000660075
8.09838e-05
0.000190982
0.000853104
0.000380601
0.000602099
0.000468861
0.000177096
0.00072245
0.000641558
0.000372133
0.000446258
0.000455302
0.000491996
0.00067064
0.000432289
0.000308594
0.000627867
0.000544676
0.000261743
0.000289754
0.000794975
0.000756551
0.000468949
0.00064272
0.00084239
6.66794e-05
3.11759e-05
0.000571443
0.000331321
0.000639686
0.000294122
0.000164571
0.000649372
0.00062648
0.000599603
0.000545936
0.000116767
0.000474855
7.25575e-05
0.000549799
0.000262229
0.000333373
0.000711657
0.000754171
0.000147374
0.000453029
0.000569627
0.000261157
0.00068932
0.000882708
0.000786822
0.000264211
0.000266843
0.00116393
0.000514417
0.000368861
0.000959951
0.000469824
0.000412242
0.000618917
0.00112059
0.000913992
0.000773742
0.000623464
0.000531297
0.000563847
0.000770689
0.00070678
0.000400698
0.000293087
0.000357827
0.000685498
0.000306166
0.00127682
0.000552058
0.000628712
0.000147452
0.000393713
0.000578684
8.62199e-05
0.000548252
0.000527819
0.000590464
9.6993e-05
0.000843537
0.000562944
0.000296445
0.00131519
0.000366118
0.000230903
0.000273728
0.000423653
0.000711859
0.000281073
0.000189295
0.000146002
0.000379886
0.000427242
0.000570524
0.000481432
0.000146664
0.000655477
0.000675645
0.000450905
0.000841339
0.000312531
0.000573447
0.0006061
0.000281782
0.000472628
0.000350959
0.000533514
0.000516787
0.000250989
2.61113e-05
0.000178253
0.000233138
0.000846507
0.00134835
0.000399619
0.000347994
0.000328155
1.64033e-05
0.000577647
0.000891599
0.000756378
0.000738915
0.000487499
0.000405586
0.000238715
0.000254762
0.000334992
0.000208137
0.000134735
0.000430556
0.00034601
0.00123765
0.000658584
0.00065026
0.000611099
0.000975226
0.000397983
0.000825606
0.00092228
0.000806414
0.000368937
0.000697646
0.000205477
0.000621411
0.000554498
0.0004094
0.00058019
0.000188642
0.000674996
0.00062494
0.000362338
0.000256976
0.000585433
0.000963266
0.000553042
0.000550454
0.000329012
0.000186387
0.000430914
0.000618054
0.000678492
0.000607681
0.000783565
0.000347528
0.000474152
0.000627322
0.000434922
0.000204633
0.000365216
0.000290136
0.000502425
0.000376349
0.000394269
0.000487712
0.000699098
0.000551997
0.000351578
0.000187772
8.37738e-05
0.000522075
0.000281171
0.000560311
0.000719632
0.000778702
0.000101998
0.000459967
0.000725069
0.000473112
0.00051575
0.000543853
0.000284738
0.000690967
0.000201761
0.00088261
0.0010089
0.000102944
0.000660978
0.000283871
0.000182205
0.000452294
0.000203689
0.000535286
0.000337776
0.000406135
0.000241922
0.000543295
0.000507853
8.33752e-05
0.000167855
0.000324413
0.000170677
0.000772426
0.00061937
0.000146812
0.000170137
0.000521642
0.000381142
0.000760929
0.000404152
0.000270019
0.000279791
0.000529648
0.000334569
0.00041503
0.000360813
0.00019998
0.000186961
0.000469436
0.000167942
0.000471477
0.000614028
0.000636388
0.00017623
0.000345813
0.000511093
0.000787618
0.000730748
0.000153771
4.22174e-05
0.000721877
0.000239207
0.000378246
0.000730297
0.00060641
0.000588201
0.000388335
0.000935769
0.000526516
0.000501961
0.000792211
0.000391659
0.000806195
0.000760551
0.000548602
0.000240764
0.00067304
0.000228049
0.00017865
0.000361419
0.000340949
0.000220939
0.000628907
0.000627283
0.000562638
0.000605254
0.000862345
0.000256097
0.000515955
0.000187098
0.000383534
0.000450417
0.000749552
0.000522086
0.00073614
0.000614595
0.000749831
0.000635907
0.00019898
0.000679996
0.000758373
5.79986e-05
7.4708e-05
0.000321924
0.000260419
0.000556264
0.000553524
0.000140028
0.000468834
0.000305032
8.61738e-05
0.000857546
0.000826836
0.000437582
0.00048144
0.000733725
0.000503904
0.000431315
0.000498328
0.000428615
0.000984366
0.000632322
0.000552819
0.000453366
0.000459191
0.00038364
0.000505162
0.000667661
0.000521204
0.00056888
0.00010571
0.000315831
0.00103603
0.000202134
0.000783505
0.000536699
0.000145704
0.000668819
0.000232095
0.000293849
0.000212033
8.12943e-05
0.000847336
0.000332654
0.000452046
0.000733072
0.000195838
0.000454329
0.000657765
0.000393284
0.000191379
0.000786454
0.00100354
0.000950468
0.00035862
0.000630608
0.00018558
0.00080663
0.00052674
0.000730253
0.000429735
0.000183341
0.000364823
0.000453598
0.000909451
0.000277391
0.000485253
0.000287954
0.000294794
0.000767338
0.000344832
0.000185805
0.000795916
0.000825878
0.000340981
0.000259419
0.000843661
0.000507558
0.00022956
0.000374824
0.00019628
0.000420758
0.000576957
0.000144162
0.000428701
0.000494628
0.000504257
0.000699609
0.000825231
0.000351773
0.000364948
0.000167521
0.000235714
0.00036011
0.000909048
0.000376824
0.000838423
0.000727394
0.000934162
0.000454897
0.000517531
0.000212845
0.000264236
0.000751418
0.000775826
0.00100168
0.000332579
0.00100263
0.00025448
0.000446341
0.000405361
0.000470838
0.000344695
0.000680194
0.000335193
0.00032149
0.000970821
0.00111492
0.000366345
0.00061358
0.000453096
0.000404972
0.000372262
0.000452271
0.000784221
0.000603366
0.00110176
0.000719903
0.000178562
0.000506423
0.000774854
0.00049823
0.000241484
0.000830323
0.000873726
0.00016075
0.000369469
0.000525131
0.000477975
0.00062447
0.000950895
0.00043308
0.000414304
0.000321273
0.000582616
0.000540328
0.000691262
0.000809724
0.000379289
0.00020403
0.000672211
0.000649555
0.000405109
0.000158752
0.000664012
0.000864118
0.000256097
0.000838724
0.000102895
0.000355599
6.52706e-05
0.00042552
0.000315068
0.000446845
0.000400522
0.00056973
0.00045303
0.000749738
0.000719358
0.000665738
0.000597014
0.000494581
0.000610125
0.00070337
0.000163662
0.00112876
0.000324794
0.000327189
0.000208897
0.000277194
0.000448423
0.000458981
0.000340555
0.000249773
0.000215534
0.000419463
0.000855219
5.54035e-05
0.000378463
8.11314e-05
0.000503002
0.000342005
0.000476823
0.000322925
0.000835321
0.000212417
0.00052244
0.000371697
0.000568909
0.000258218
0.000921494
0.000227849
0.000697808
0.000751981
0.000126457
0.000533002
0.000160765
0.0010583
0.000438096
0.000559106
0.000298028
0.000549801
0.000746393
0.000192686
0.000927427
0.000148259
0.000572879
0.000286458
0.00104428
0.000462308
0.000156424
0.000937898
0.000649025
0.000436558
0.000589713
0.000259212
0.0006355
0.000586243
0.000641141
0.000466365
0.000145843
0.00066863
8.68028e-05
0.000691432
0.000538808
0.000738372
0.000476982
0.000364784
0.000751911
0.00027618
0.000462428
0.00026593
0.000151179
0.000372161
0.000180121
0.00102699
0.000241357
0.000728053
0.000554355
0.000930718
0.000469279
0.000186327
7.73679e-05
0.000531179
0.000247372
0.000430034
0.000368191
0.000390022
0.000575133
0.000259546
0.000710516
0.000265061
0.000605546
0.000227256
0.00029664
0.000726227
0.000509221
0.000865701
0.000170052
0.000504522
0.000728361
0.000795522
0.000313882
0.000748294
0.000287141
0.000648996
0.000308964
0.00100275
0.000180493
0.000770882
0.000501912
0.000468614
0.000389403
0.000293755
0.000709767
0.000812993
0.00058424
0.00049641
0.000482761
0.000625018
0.000691564
0.000235147
0.000840646
0.000419547
0.000576036
0.000488047
0.000437516
0.000883711
0.000243664
0.00108033
0.000297923
0.000376542
0.000971419
0.000497398
0.000849917
0.000386248
0.000967163
0.000214871
0.000332347
0.000287398
0.000370025
0.000413724
0.000321952
0.000333827
0.000357781
0.000338376
0.000679503
0.000826063
0.000490811
0.000376019
0.000247376
8.14405e-05
0.000502195
0.000346247
0.000751145
0.000831759
0.000713824
0.00075383
0.000543459
0.000575988
0.000551012
0.000812812
0.000833001
0.00084576
0.000296406
0.000685612
0.000440924
0.000686959
0.000952045
0.000388021
7.8652e-05
0.000593898
0.000371988
0.000472541
0.000207923
0.000666276
0.00017101
0.0005578
0.00102949
0.000827884
0.000385882
0.000278571
0.000137898
0.000874615
0.000651886
0.000128295
6.82785e-05
0.000356953
0.000366028
0.000374143
0.000584913
0.00066484
0.000751478
0.000672188
0.000353716
0.00049095
0.000544166
0.000236892
0.00058175
0.000417405
0.00114598
0.00112724
0.000889149
0.00030043
0.000516537
0.000744201
0.000486822
0.000746301
0.000476939
9.85694e-05
0.000242622
0.000654025
0.000582614
0.000510923
0.00024327
0.000227051
0.000642378
0.000361701
0.000161003
0.000767086
0.00034718
0.000631809
0.000605943
0.000545865
0.000607614
0.0005236
0.000563
0.000599552
0.000607179
0.000288196
0.00037858
0.000702476
0.000646595
0.000394131
0.00024559
0.000126546
0.000576523
0.00076206
0.000577855
0.000816823
0.000179371
0.000466873
0.000520388
0.000271236
0.000409414
0.000407175
0.000471693
0.000474893
0.000477262
0.000244899
0.000424376
0.000484521
0.000179938
0.000222449
0.000212671
0.0011673
0.0003245
6.69712e-05
0.000616241
0.00037171
0.000677586
0.000195105
0.000352864
0.000399165
0.000347109
0.000432296
0.000489135
0.000392111
0.000988063
0.00105517
0.000706822
0.000400173
0.000710935
7.86678e-05
0.000587579
0.000357956
0.000585907
0.000701718
0.000608652
0.000622053
0.000284996
0.000329511
0.000297182
0.000455091
0.000457739
0.00124676
0.000365388
0.000168293
0.000441603
0.000501793
0.000613546
0.000647031
8.46687e-05
0.000606625
0.00108139
0.000800124
0.000968152
0.000594697
0.000703316
0.000817203
8.37924e-05
0.000405858
0.000907603
0.000716252
0.000261405
0.000215993
0.000802473
0.000196118
0.00072393
0.000321922
0.000100836
0.000766277
0.000260778
0.000712218
0.000272969
0.000371237
0.000142801
0.000870368
0.000403912
0.000662784
0.000131243
0.000317797
0.000127772
0.000693177
0.00012094
0.000244024
0.000543736
0.000772755
0.000373059
0.000367054
0.000877064
0.000303549
0.000752772
9.97616e-05
0.000332561
0.000210427
0.000929144
0.000466192
0.000449941
0.000338788
0.000370323
0.000330849
0.000225454
0.000969917
0.000266237
0.000190688
0.000325383
0.000751071
0.000485714
0.000226949
0.000444111
0.000420554
0.000346935
0.000163857
0.000150582
0.000728004
0.00039786
0.000385003
0.000526463
0.000964712
0.000893142
0.000325428
0.000288349
0.00043486
0.000457654
0.000307826
0.000347623
0.000942882
0.000206609
0.000741966
0.00114818
0.00051704
0.000369516
0.000254546
0.000274796
0.000855492
0.0008337
0.000308015
0.00030155
0.000293622
0.000490385
0.00030029
0.000505142
0.000639986
0.000585126
0.000356292
9.61084e-05
0.000336121
0.000757177
0.000397679
0.000663231
0.000633047
0.000582759
0.000262362
0.0007585
0.000395556
0.000831613
0.000341194
0.000789417
0.00039319
0.000677814
0.000466544
6.5103e-05
0.000499345
0.000478686
0.000195319
0.000470058
0.000591532
0.000646983
0.000339695
0.000414828
0.000495795
0.000341965
0.000717868
0.000743488
0.000488573
0.000594213
0.000327623
0.000456606
0.000256598
0.000248613
0.000424878
0.000703564
0.00054078
8.84867e-05
0.000736133
0.000384458
0.00051964
0.000325528
0.000328975
0.000553509
0.000387968
0.00067791
0.00109345
0.000399288
0.00021479
0.000956645
0.000775613
0.000633098
0.000339269
0.000379815
0.00105881
0.00114094
0.000483395
0.000286797
0.000157324
0.000117175
0.00129411
0.000277689
0.000966683
0.000990529
0.00060209
0.000346411
0.000281241
0.000545774
0.00101688
0.000305445
0.000564761
0.00114674
0.00106407
0.000839291
0.000472059
0.000193783
0.000232683
0.000211059
0.000250111
0.000568686
0.000546743
0.000513234
0.000946872
0.000859668
0.000219922
0.000666466
0.00010517
0.000282874
0.0009067
0.000187287
0.000787168
0.000178166
0.000436784
0.000308687
0.000227502
0.000276754
0.000356136
0.000641968
0.000831699
0.000146756
0.000262325
0.000271346
0.0002475
0.000154983
0.000272499
0.000191137
0.00049339
0.000121154
0.00115839
0.000608857
0.000355281
0.000368726
0.00030846
0.000156985
0.00044997
0.00034276
0.000106989
0.000156891
0.000523755
0.000607791
0.000631516
0.00105002
0.000749995
0.000531067
0.000528374
0.000705085
0.000219353
0.00106721
0.000638178
0.000371058
0.000188848
0.000796347
0.000437019
0.000343153
0.000119374
0.000300873
0.000163452
0.000921735
0.000476185
0.000494197
0.000186925
0.000509354
0.00057605
0.000859356
0.000755269
0.000470971
0.000726393
0.00036075
0.000101664
0.000499074
0.000163299
0.00049593
0.000250542
0.000439333
0.000333559
0.000237149
0.000732264
0.000145534
0.000678391
0.000352437
0.000691095
0.000311247
0.00085218
0.000450103
0.000430462
7.75275e-05
0.000553331
0.000110646
0.000239209
9.58169e-05
0.000331623
0.00011855
9.66799e-05
0.00070794
0.000564125
0.000723114
0.000988289
0.000352282
0.000690655
0.000187893
0.000257652
0.000179987
0.000352628
0.000450453
0.000995146
0.00051968
0.000586519
0.000250564
0.000744855
0.000437758
0.000540758
0.00044709
0.000550354
0.000720414
0.000208976
0.000301248
0.000266291
0.000762819
0.000202994
0.000940011
0.00107799
0.00020303
0.000530954
0.000989618
0.000286454
0.000869992
0.000753021
0.000528133
0.000598618
0.0006136
0.000502006
0.00067776
0.000485614
0.000689888
0.000431985
0.000655072
0.000437022
0.000194933
0.00022483
0.000445775
0.000763317
0.000599921
0.000523527
0.000414087
0.00106839
0.000273366
0.000354634
0.000668047
0.000174222
0.000552053
0.000622547
0.000576659
0.000782683
0.000294855
0.000574898
0.000591879
0.00014601
0.000393228
0.000199685
0.000812269
0.000287168
0.000584443
0.000563117
0.000526149
0.000939202
0.00105799
0.000522588
0.000649898
0.000192067
0.000786546
0.000162852
0.000740977
0.000361517
0.000505209
0.000706167
0.000739799
0.00112563
0.000824934
0.000320834
0.000611394
0.000500747
0.000993926
0.000404508
0.000190046
0.000676871
0.000756703
0.000694394
0.00062422
0.000307233
0.00118214
0.000407614
0.000256404
0.000282203
0.000230047
0.000451616
0.000419285
0.000342468
0.000699985
0.000349405
0.000181632
0.000524417
0.000450127
0.000640501
0.000879213
0.000258816
0.000338682
0.000387697
0.00064035
0.000471261
0.000261708
0.000848727
0.000592025
0.000639556
0.00041475
0.000230345
0.00037257
0.000633709
0.000348954
0.000128206
0.000574587
0.000767371
0.000510835
0.000272242
0.000891696
0.000147994
0.000470979
0.000176819
0.000351288
0.000167774
0.000379496
0.000124316
0.000548014
0.000275907
0.000430363
0.000549329
0.000443214
0.000551846
0.000586887
0.000494143
0.000104462
0.000567486
0.000550161
0.000337629
0.000284157
0.000133992
0.000436864
0.0009576
0.000676434
0.000626792
0.000726386
0.000976496
0.000183681
0.000375818
0.000527564
0.000283391
0.000525573
0.000623533
0.000554735
0.000409118
0.000587339
0.000213127
0.000433546
0.000437767
0.000342641
0.000173657
0.000394214
0.000554231
0.000675223
0.000339588
0.000499945
0.000188211
0.000784405
0.00043673
0.000564685
0.00011967
0.000370872
0.0011023
0.000617612
0.000102912
0.0010168
0.00111355
0.000297721
0.000380505
0.000201595
0.000695867
0.000327958
0.000427464
0.000663437
0.000874613
0.000303944
0.000504594
0.000431629
0.000284451
0.00019929
0.000557526
0.000390222
0.00038047
0.00091689
0.000205641
0.000546902
6.60783e-05
0.000577547
0.000563741
0.000428553
0.000458478
0.000725567
0.000290143
0.00039992
0.000800366
0.000657544
0.000566413
0.000229282
0.000528281
0.000307787
0.000440986
0.000181122
0.000617695
0.000550391
0.00046675
0.000564119
0.000644495
0.000429237
0.000433351
0.00022431
0.000330569
0.000322641
0.000345541
0.000396148
0.0010513
0.00051542
0.000722532
0.000361052
0.00102535
0.000454578
0.000380126
0.000151389
0.000418049
0.000221801
0.000438226
0.000499161
0.000313066
0.00127556
0.000594611
0.000965265
0.000674263
0.000280031
5.0518e-05
0.000585819
0.000103532
0.000464043
0.000303528
0.000583268
0.000729139
0.000209461
0.000233921
0.000724675
0.0011915
0.000565569
0.000520131
0.000924868
0.000538215
0.000350385
0.000343766
0.000155567
0.000525633
0.000332703
0.000435172
0.000243907
0.00113593
0.000614845
0.000471411
0.000315318
0.000224923
0.000223154
0.000369987
0.00036688
0.000776654
0.000295791
0.000311513
0.000634568
0.000601356
0.000260297
0.000489584
0.000676904
0.000993706
0.000478796
0.000427401
0.000194496
2.34245e-05
0.000628224
0.000597722
0.000227491
0.000496315
0.000656446
0.000389273
0.000235096
0.000264781
0.000207103
0.000966106
0.00090089
0.00031447
0.000451673
0.000583755
0.0011058
0.00077024
0.00103562
0.000551571
0.000642501
0.000170902
0.000489841
9.60059e-05
0.000598402
0.000340287
0.000664662
0.000463717
0.000579476
0.000315352
0.000587456
0.00046894
0.000393461
0.000344125
0.000553605
0.000261053
0.000835292
0.000750771
0.000320903
0.000527686
0.000540901
0.000557959
0.00101541
0.000593068
0.000830405
0.000407892
0.000119868
0.00024984
0.000370973
0.000425753
0.000486008
0.00072445
0.000573045
0.000895816
0.000638138
0.00050617
0.000504695
0.000557035
0.000435872
0.000386685
0.000559757
0.000230152
0.000364786
0.000678794
0.000202804
0.000324272
0.000717184
0.000582655
9.33657e-05
0.000226038
0.000667112
0.000555005
0.000351936
0.000414546
0.000730331
0.000733584
0.000699003
0.00111736
0.000160832
0.000612526
0.000241624
0.000537296
0.000222236
0.000458212
0.000396028
0.000324347
0.000678511
0.000570464
0.000239096
0.000569321
0.000390672
0.000130693
0.000336403
0.000232538
0.000574162
0.000416341
0.000192662
0.000687927
0.000686947
0.000259
0.000463287
0.000226973
0.000200872
0.00104343
0.000528531
0.000793222
0.0008602
0.000790205
0.00044212
0.000546165
9.53577e-05
0.000587425
0.000297156
0.000876838
0.000316011
0.000260655
0.000273664
0.000785434
0.000783192
0.000390744
0.000378726
0.000234124
0.000532276
0.000589361
0.000579767
0.000541351
0.000413439
0.00094603
6.81521e-05
0.000328984
0.000333177
0.00034474
0.000383259
0.000404436
0.000940954
0.000620833
0.000233531
0.000894005
0.000830427
0.000352439
0.000586679
0.000566406
0.000707579
0.000516836
0.000607591
0.000773309
0.000141382
0.000109874
0.000293001
0.000589971
7.87287e-05
0.000846226
0.000654647
0.000536877
0.000394386
0.000183025
0.00056084
0.000412961
0.000246523
0.000642223
0.00060824
0.000358193
0.000674278
0.00025009
0.000522129
0.00050638
0.000109714
0.000327507
0.00121071
0.000288385
0.000576668
0.000378771
0.000474776
0.000186272
0.000160855
0.000345426
0.000578448
0.000602565
0.000295347
0.000424983
0.000386936
0.000302555
0.000922459
0.000590017
0.0002249
0.00026033
0.000324356
0.00080266
0.000378061
0.000762369
0.000423964
0.00030512
0.000528451
0.00101302
0.000246482
0.00011069
0.000724972
0.000477812
0.000525543
0.000747503
0.000259967
0.000713639
0.000375967
0.000318502
0.000623976
0.00033342
0.000854992
0.000384225
0.000524687
0.000415099
0.000524267
0.000197395
0.000345254
0.000238604
0.000615947
0.000288012
0.000193818
0.000187275
0.000567442
0.000102561
0.000259605
0.000319057
5.12057e-05
0.000455747
0.000274526
0.000455264
0.000614347
0.000302644
8.23208e-05
0.000550826
0.000925216
0.000142117
0.000563915
0.000298029
0.000851683
0.000633137
0.000673013
0.000705553
0.000367729
0.00120315
0.000684724
0.000255349
0.000413066
0.000577263
0.000256653
0.000560871
0.000816308
0.000521451
0.000367774
0.000877706
0.000207612
0.000578471
7.71853e-05
0.000461717
0.000255482
0.000817025
0.000301287
0.000595421
0.000668093
0.000943569
0.00092943
0.000617907
0.000536434
0.00025532
0.000320252
0.000339904
9.43893e-05
0.000481323
0.000186996
0.00022502
0.000187122
0.000259291
0.000437628
0.00015825
0.000453622
0.000620581
0.000802525
0.000502394
0.000757392
0.000515973
0.00019697
0.000646791
0.000230142
0.000369793
0.000558988
0.000125956
0.000258938
0.00125311
0.00058662
0.000591814
0.000646984
0.000494463
0.000349005
0.000450125
0.000652906
0.000378671
0.000653947
0.00109396
0.000607448
0.000504684
0.000866188
0.000587885
0.000287191
0.000537319
0.00056964
0.000750317
0.00106438
0.000680796
0.000431489
0.000357153
0.000173591
0.000580979
0.000799224
0.0011202
0.000413651
0.00069662
9.35379e-05
4.02065e-05
0.000311837
0.000345914
0.000244267
0.000604406
0.000670167
0.000528611
0.000860087
0.000126616
0.000357011
0.000401615
0.000868974
0.000527386
0.000878961
0.000493491
0.000498875
0.000393522
0.000277509
0.000333066
0.000191186
0.000716131
0.000282256
0.000500496
0.000498075
0.000213403
0.000874373
0.000830641
0.000981263
0.000315502
0.000539838
0.000698608
0.000639086
0.000540344
0.000854782
0.000713211
0.00059762
0.000501466
0.00051771
0.000779334
0.00100848
0.000719448
0.00061446
0.000850171
0.000416332
0.000378412
0.000519437
0.000401224
0.000760483
0.000306736
0.000810455
0.000723849
0.000477616
0.000341678
0.000171872
0.000389
0.000157884
0.000211996
0.000466411
0.000624567
0.000285553
0.000474915
9.48588e-05
0.000439831
0.000233676
0.000801174
0.000193987
0.000285182
0.000371785
0.000313775
0.00061516
5.99922e-05
0.00102509
0.000641
0.000686428
0.000482192
0.000267765
0.000600383
7.3645e-05
0.000731114
0.000398224
0.000335664
0.000160849
0.00063521
0.000565091
9.87663e-05
0.000320604
0.00046102
0.000148149
0.000390424
0.000110497
0.000417572
0.000651374
0.00035751
0.000624611
0.000179601
0.000260024
0.000301753
0.000822343
0.000388702
0.00101385
0.000590202
0.000552854
0.000369509
0.000401268
0.00048479
0.000591731
0.000325563
0.000332269
0.000141266
0.000767747
0.000313067
0.00070235
0.00128812
0.000336359
0.000439461
0.000417565
0.000531274
0.000312946
0.000639244
0.000279576
0.00062297
0.00027904
0.000628384
0.000540474
0.000132728
0.000928602
0.000305091
0.000420306
0.000687512
0.000569167
0.000646136
0.000627047
0.000529757
0.000491132
0.00068918
0.00109634
0.000232039
0.000556084
0.000346648
0.000438186
0.000213133
0.000360437
0.000535754
0.000450816
0.000580461
0.000597691
0.00106592
0.00054274
0.00116912
0.000506504
9.19913e-05
0.000449596
0.000958711
0.000263396
8.05201e-05
0.000624413
0.000427121
0.000363168
0.00024304
0.000407049
0.000272993
0.000468453
0.000393093
0.000594562
0.000411936
0.000831573
0.000180348
0.000500873
0.000223086
0.000330068
0.000444931
0.000807516
0.000166692
0.000289864
0.000286396
0.000510892
0.000414669
0.000169323
0.000229704
0.000654259
0.000767025
0.000222886
0.000497194
0.000631931
0.00018583
0.000720241
0.000493259
0.000454794
0.000449809
0.000372786
0.000578729
4.78729e-06
0.000374026
0.000642955
0.00015108
0.000573821
0.00122778
0.000419147
0.000539333
0.000837745
0.000180559
0.000238738
0.000462518
0.000299116
0.000425954
0.000524693
0.000771979
0.000296522
0.000779946
0.000929847
0.000250713
0.000432967
0.000766635
0.000827225
0.000690432
0.000873593
0.000215461
0.00041437
0.000489731
0.000334769
0.001079
0.000680359
0.000932416
0.000287596
0.000406826
0.000868676
0.000381866
0.000277388
0.000437531
0.000138916
0.000865153
0.000759445
0.000127197
0.000216957
0.000558903
0.00067015
0.000714262
0.00080063
0.000351693
0.000412347
0.000406649
0.000156642
0.00108783
0.000505306
0.000322002
0.000387938
0.000454658
0.000186239
0.000678181
0.00112725
0.000480958
0.000502104
0.0002406
0.000450226
0.000869438
0.000267019
7.44551e-05
0.000883954
0.000816505
0.000353446
0.000439334
0.000133644
0.00062376
0.000218844
0.000710504
0.000534616
0.000154967
0.000375887
0.000410796
0.000279429
0.000723972
1.23376e-05
0.000770793
0.000588983
0.000154813
0.000121593
0.00062492
0.000136934
0.000162682
0.000792729
0.000264658
0.0007968
0.000350885
0.000273928
0.000431138
0.000238092
0.000454631
0.000555117
0.000467313
0.000357477
0.000313831
0.000292762
0.000205755
0.000809139
0.000544363
0.000199484
0.000430167
0.000462062
0.000842072
0.000672815
0.000481905
0.000598507
0.000642257
0.000417074
0.000108337
0.000708047
0.000848916
0.000261765
0.00044615
0.000606296
0.000239223
0.00113279
0.000326475
0.000732724
0.000204609
0.00105184
0.000292849
0.000319482
0.000676815
0.000113763
0.000432558
0.000622504
0.000175141
0.000616741
0.00103269
0.000619079
0.000647702
0.000847076
0.000336759
0.000712343
0.000659557
0.00042947
0.000452186
0.000993589
0.000515729
0.000453903
0.0010329
0.000894605
0.000586016
0.000140158
0.000374215
0.000269009
0.000426494
0.000383226
7.07216e-05
0.000352311
0.000539547
0.000603504
0.000420378
0.000569963
0.000301338
0.000172742
0.000476007
0.000193837
0.000263213
0.00043964
0.000751179
0.000521741
0.00111887
0.000409801
0.000236752
0.000361443
0.000342319
0.000257294
0.000747039
0.00030995
0.000305182
0.000517288
0.000210219
0.000344121
0.000460448
0.000236366
0.000614075
0.0010648
0.00120882
0.00076516
0.000190362
0.000548285
0.000532177
0.000326219
0.000282347
0.000192449
0.000598107
0.0010298
0.000144286
9.60727e-05
0.000501499
0.000314493
0.000110899
0.000487877
0.000443478
0.000309805
0.00046127
0.000234013
0.000114957
0.000540579
0.000465117
0.00072473
0.000298193
0.000708775
0.00046416
0.000218126
0.000528337
0.000502098
0.000267991
0.000633363
0.000768517
0.000468097
0.000443355
0.00100274
0.000675373
0.000933701
0.000584535
0.000541627
0.000619044
0.00101987
0.000225589
0.000764212
0.00106863
0.000402816
0.000816524
0.000329771
0.000425613
0.000199917
0.000502869
0.000200691
0.00086109
0.000305057
0.00135443
0.000901213
0.000624921
0.000194161
0.000237752
0.000507709
0.000650276
7.52717e-05
0.000748336
0.00053201
0.000287253
0.000948315
0.000435024
0.000156874
0.000541063
0.000184381
0.000862322
0.000605521
0.000383201
0.000377145
0.000888491
0.000508322
0.000740787
0.000714587
0.000476043
0.000321299
0.00108161
0.000143601
0.000355001
0.000392838
0.000885342
0.000440783
0.000466373
0.000739597
0.000162545
0.000594644
0.000375471
0.000265498
0.00031946
0.000396384
0.000368956
0.000292298
0.00038437
0.000284432
0.00083862
0.000394424
0.000219221
0.000444647
0.000511203
0.000492742
0.000492194
0.000274296
0.000543781
0.000679801
0.00033401
0.000154193
0.00121556
0.000272784
0.000768995
0.000562795
0.000279866
0.0010239
0.0004305
0.000779285
0.000270024
0.000798123
2.46086e-05
0.000263108
0.000353182
0.000208971
0.00105356
0.000565382
0.000262414
0.000321553
0.00107288
0.000165747
0.000204305
0.00044763
0.000460547
0.000530463
0.000559985
0.000308246
0.000670421
0.000615351
0.000440706
0.00122653
0.000191347
0.000837625
0.000679713
0.000504162
0.000394743
0.000842506
0.000642623
0.000340278
0.000974553
0.000399177
0.000570298
0.000430589
0.00140992
0.000164686
0.000801938
0.000263889
0.000994488
0.000138371
0.000590476
4.3283e-05
0.000574579
0.000328829
0.000918151
0.000488763
0.000580739
0.000560516
0.00037319
0.000505798
0.000235307
0.000541551
0.000444916
0.00019937
4.0913e-05
0.000450589
0.000383325
0.000418331
0.00016852
0.000287642
0.00104824
0.000304096
0.000676447
0.000445927
0.000329648
0.000601876
0.000999092
0.000777605
0.000132014
0.000110702
0.000451002
0.000605352
0.00043722
0.000383088
0.000849447
0.000126776
0.000563235
0.000957659
0.000189606
0.00031819
0.000521607
0.000629422
0.000524119
0.000732344
0.000469174
0.00127524
0.000826612
0.000620505
0.000325416
0.00050222
0.000832747
0.00122043
0.00046995
0.000182108
0.000509631
0.000516854
0.00034023
0.000403846
0.00047769
0.000820696
0.000497148
0.0002036
0.000282641
0.000324438
0.000451756
0.000155984
0.000669274
0.000240681
0.000459037
0.000501839
0.000108066
0.000549872
0.000280858
6.11196e-05
0.000587499
0.000805965
0.00099305
0.000344263
0.000101539
0.000406486
9.00509e-05
0.000421551
0.000461643
0.000580201
0.000598621
0.00055479
0.000112377
0.000223415
0.000592828
0.000305819
0.000192411
0.000667859
0.000163219
0.000518592
0.000418805
0.000398096
0.000753879
0.000843514
0.000522067
0.000249093
7.70709e-05
0.000304697
0.000553545
0.000344641
0.000700718
0.000267919
0.00082432
0.000507862
0.000898476
0.000552616
0.000205171
0.000403728
0.000561975
0.000336122
0.000710391
0.000164026
0.000304852
0.000817037
0.000292183
0.00052649
0.000494589
0.000443696
0.00066941
0.00114839
0.000438394
0.000563088
0.000574506
0.000525242
0.000539079
0.000627199
0.00102618
0.000189262
0.000143078
0.000239793
0.000228809
0.000222173
9.63308e-05
5.25112e-05
0.000380581
0.000506923
0.000433065
0.000551819
0.00087857
0.000530572
0.000409032
0.000282626
0.000384608
0.000842247
0.000776366
0.000587261
0.000166842
0.000909591
0.00051814
0.00028451
0.000171593
0.000732907
0.000709233
0.00103354
0.000203364
0.000680054
0.000798944
0.000698678
0.000285289
0.000863285
0.000824089
0.000726817
0.000173885
0.000766494
0.000796814
0.000812601
0.000737005
7.38645e-05
0.000369557
0.000169799
0.000794365
0.000826453
0.000174628
0.000672285
0.000208459
0.000695761
0.000260875
0.0002304
0.000370184
0.000565034
0.000600891
0.000612708
0.00029473
0.000692612
0.000509044
0.000711274
0.000302084
0.000184611
0.000568731
0.000534531
0.000916265
0.000615497
0.00080315
0.000715307
0.000302625
0.000153536
0.000153521
0.000248085
0.000607115
0.000618254
0.000831029
0.000273008
0.00066627
0.000792895
0.0003166
0.000552666
0.000257242
0.000627057
2.30311e-06
0.000299572
0.000939947
0.00042577
0.000432397
0.000275986
0.000163885
0.000570507
0.000672163
0.00073242
0.000753739
0.000510744
0.000222518
0.000156768
0.000579723
0.000479957
0.000482375
0.000237258
0.000980539
0.000383856
0.000434745
0.000506905
0.000481167
0.000144874
0.000284987
0.000147258
0.000110289
0.000161803
0.000554256
0.000390882
0.000372831
0.000336833
0.000461612
0.000180578
0.000584059
0.000398995
0.000834399
0.00048201
0.000233956
0.000734692
0.000711248
0.000957279
0.00038484
0.000260073
0.000149054
0.000313957
0.000680427
0.000542936
0.000775055
8.87843e-05
6.23836e-05
8.97819e-05
0.00036428
0.000683827
0.000771821
0.000474215
0.000529629
0.000856013
0.000546605
0.000711038
0.000623716
0.000935729
0.000763273
0.000345209
0.000251014
0.000307845
0.000500156
0.000650196
0.00083874
0.000244673
0.000650745
0.000659285
0.000232555
0.000344377
0.000439892
0.000467265
0.000539352
0.000672523
0.00033166
0.000288745
0.000499251
0.000561034
0.000228747
0.000652093
0.000364784
0.000378011
0.000688393
0.000654256
0.000135657
0.000233282
0.000940301
0.000280759
0.000662063
0.000544945
0.000555222
0.000436574
0.000380812
0.000636328
0.00082928
0.000442583
0.000300448
0.000522231
0.000530558
0.000530821
0.000645673
0.000419264
0.000645509
0.000435048
0.000572064
0.000162936
0.000289406
0.000144059
0.000636051
0.000370524
0.000270795
0.000545981
0.000178649
0.000356714
0.000498573
0.000854457
0.000180299
0.000254953
0.000740782
0.000227562
0.000862878
0.00054198
0.000308784
0.000526818
0.000298291
0.00017742
0.000456317
0.000792441
0.000381392
0.00104332
0.000533823
0.00051166
0.000558786
0.000366087
0.000799382
0.000321575
0.000433054
0.000415289
0.000163993
0.000787679
0.000350385
0.000816334
0.00018832
0.000756872
0.00072468
0.000258607
0.000557654
0.000680672
0.000586757
0.000422747
0.000466826
0.000712665
0.000649985
0.000543525
0.000376754
0.000841057
0.000467865
0.000302703
0.000215748
0.000778142
0.000204623
0.000364667
0.000636481
0.00020611
0.000673531
0.000375636
0.000592961
0.000473505
0.000391778
0.000676418
0.00027853
0.000489874
0.000736542
0.000666722
0.000966024
0.000235112
0.00025947
0.000130551
0.000513792
0.000991767
0.000864426
0.000780905
0.000244381
0.00102323
0.000342264
0.000622088
0.000510589
0.00053423
0.000162126
0.00055255
5.37884e-05
0.000656207
0.000672703
0.00035993
0.000947468
0.000245078
0.000532844
0.000427075
0.000250412
0.000258744
0.000561532
0.000205649
0.000589734
0.000605347
0.00037287
0.000416484
0.000893022
0.000458591
0.000492424
0.000784818
0.00059436
0.000193898
0.000378326
0.000120714
0.000204525
0.000807951
0.00061097
0.000690329
0.000284376
0.000524325
0.000357565
0.000336609
0.000929833
0.000872274
0.000224606
0.000345929
0.00018224
0.00041039
0.000429052
0.000145324
0.000188513
0.000893989
0.000519217
0.00073936
0.000343555
0.000490307
0.000412038
0.000998843
0.000334091
5.89449e-06
0.000282889
0.000884831
0.000738717
0.00081448
3.88383e-05
0.000315579
0.000199686
0.000631356
0.000201946
0.000203131
0.000704491
0.000448501
0.000723321
0.000495099
0.000416274
0.000448977
0.000354414
0.000242394
9.74854e-05
0.000753837
0.000553031
0.000449429
0.000297617
0.000497833
0.000796948
0.000501117
0.000230522
0.000143911
0.000533488
7.34753e-05
0.000461055
0.000700352
0.000118681
0.000790787
0.000401752
0.0010523
0.000831273
0.000767239
0.000691838
0.000560049
0.000704131
0.000368839
0.000321686
0.000173736
0.000249992
0.000640882
2.74751e-05
0.000300652
0.000406633
0.000778151
0.000662206
0.000238771
0.00040385
0.000727517
0.000603989
0.000419433
0.000263562
0.000322956
0.00010558
0.000368097
0.000287858
0.000685067
0.00083553
0.000865115
0.000841157
0.00062181
0.00034652
0.000321594
0.000214986
0.000725123
0.000376581
0.000435822
0.000642658
0.000371552
8.7079e-05
0.000450485
0.00028239
0.000426565
0.000640228
0.000422579
0.000697924
0.000177817
0.000112428
0.000929357
0.000429755
0.000404549
0.00142842
0.000326918
0.000299076
0.000305839
0.000282015
0.000703181
0.000815712
0.000603383
0.000259096
0.000342845
0.000430167
0.000164412
0.000444488
0.000296377
0.000360811
0.00089472
0.0003421
0.000834582
0.00025146
0.000296681
0.00046554
0.000581743
0.000613139
0.000309023
0.000545889
0.000857911
0.000436421
0.00017373
0.00019937
0.000736614
0.000764803
0.000409379
0.000761217
0.000465344
0.000907816
0.000655255
0.000152359
0.000306396
0.000890173
0.000484035
0.00116056
0.000348861
8.00419e-05
0.00022084
0.000122494
0.000381943
0.00048047
0.00041221
0.000743567
0.000754341
0.00036842
0.000476746
0.000592366
0.000500544
0.000797511
0.000141463
0.000234584
0.000367813
0.000475097
0.000856483
0.000454889
0.000716331
0.000463293
0.00066715
0.000238799
0.000113353
0.000222048
0.000605869
0.000925105
0.000224078
0.000712101
0.000319305
0.000607386
0.000801725
0.000721949
0.000404784
0.000582987
0.000198443
0.000496438
0.000542786
0.000655974
0.000580517
0.00019775
0.000238725
9.81351e-05
0.000258916
0.00049649
0.000324302
6.18766e-05
0.000599438
0.000247321
0.000218756
0.000462836
0.000195964
1.69586e-05
0.00018414
0.00021286
0.000804474
0.000918147
0.000686215
0.000707163
0.000574003
0.00104477
0.000245778
0.000424996
0.00033648
0.00109874
0.000602118
0.000500661
0.000531815
0.000217426
0.000874855
0.000840624
0.000589578
0.000718384
9.44629e-05
0.000373499
0.000715708
0.000327028
0.00054739
0.000171915
0.000241219
0.000581367
0.000579598
0.000334385
0.000550871
0.000650194
0.0007342
0.000253245
0.000581272
0.000261764
0.000250828
0.00051229
5.91922e-05
0.000382101
0.000984162
0.000550674
0.000297725
0.000462152
0.000646066
0.000675587
0.000249574
0.000871455
0.000321263
0.000784936
0.000885052
0.000617504
0.000484332
0.000927348
0.000471271
0.000327436
0.000486397
0.000784947
0.000573098
0.000419832
0.000154066
0.000339211
0.000723102
0.00101574
0.000610998
0.000695472
0.000554742
0.000698959
0.000231692
0.000806433
0.000453631
0.000291918
0.000509391
0.000352532
0.000352017
0.000298199
0.000570497
0.000887278
0.000288088
0.000608117
0.000487813
0.00113887
0.00028505
0.000652696
0.000578789
0.000682112
0.000305209
4.81266e-05
0.000587569
8.58686e-05
0.000655441
0.00064904
0.000215921
0.000332769
0.000291324
0.000369504
0.000623853
0.000274185
0.000263965
0.000762872
0.000499467
0.00093178
0.000358781
0.000708794
0.000512881
6.11626e-05
0.000406197
0.000631494
0.000576662
0.000440241
0.000303197
0.000405581
0.000272197
0.000496949
0.000253689
0.000798943
0.00051112
0.000633487
0.00083629
0.000597235
0.000550171
0.000151988
3.9764e-05
0.000266863
0.00040131
0.000338232
0.00105939
0.000461672
0.000525075
0.000403454
0.00042008
0.000348046
0.000778519
0.000291458
0.000492814
0.000194718
0.00051907
0.000556565
0.000573613
0.000280808
0.000175884
0.00043804
0.000825682
0.000882116
0.000241491
0.000541139
0.000277996
0.000432536
0.000927423
0.000240956
0.000489097
0.000630495
0.000546794
0.000706779
0.000748039
0.000614536
0.000754881
0.000101657
0.00042939
0.00039923
0.000307315
0.000677874
0.000575923
0.000131797
0.000457252
0.000259019
0.000561756
0.000283003
0.000166095
0.000851208
0.000261187
0.000530007
0.000470082
0.000182932
0.000313489
0.000285476
0.000524698
0.00131625
0.000646524
0.000673285
0.00066886
0.00128707
0.000460075
0.000803497
0.000280908
0.000973297
0.000800342
0.000655233
0.000477897
0.000505544
0.000312311
0.000649789
0.000839843
0.000468291
0.000699996
0.000721033
0.000836132
0.000465826
0.000174038
9.85259e-05
0.000407808
0.000204493
0.00023066
0.000460388
0.000764313
0.000596697
0.000386849
0.000445562
0.000749418
0.000539529
0.000827124
0.000482328
0.000304867
0.000783361
0.000410742
0.000613132
0.000119312
0.000522195
0.000319201
0.00061343
0.000489996
0.000429947
0.000361257
0.000420496
0.000802556
0.000262225
0.000536527
0.000151194
0.000498368
0.00080634
0.000432389
0.000594408
0.000463581
0.000637667
0.000456413
0.000586737
0.000482294
0.000885848
0.000423468
0.000463216
0.000241271
0.000567526
0.000236272
0.000791671
0.000986558
0.000536232
0.000481584
0.000326646
0.000379029
0.000141433
0.000369297
0.000127142
0.000352417
0.000299149
0.000360291
0.000499169
0.000677654
0.00036063
0.000422866
0.000576399
0.000596514
0.000239294
0.000864985
0.000541848
1.4803e-05
0.000600341
0.000459957
0.000278249
2.22777e-05
0.000522218
0.000391393
0.000639353
0.000106393
0.000864275
0.000687859
0.000525471
0.000399095
0.0010645
0.000387429
0.000534351
0.000436363
0.000289377
0.000756033
0.000309721
0.000829618
0.000502421
0.000289846
0.000457064
0.000515814
0.000901975
0.00026641
0.000232203
0.000716078
4.49052e-05
0.00102034
0.000271377
0.000716391
0.000768559
0.000665571
0.000523911
0.000126645
0.000337455
0.000391702
0.000151831
0.000282174
0.00105851
0.000923439
0.000520017
0.000685486
0.000384394
0.000952633
0.000832632
0.00110648
0.000659109
0.000141966
0.00116524
0.000306837
0.000572455
0.000370231
0.000791207
0.000202204
0.000615308
0.000578158
0.000304184
0.000241038
0.000346462
0.000205329
0.000447192
0.000448703
0.000279642
0.00056752
0.000404956
0.000365187
0.000445334
0.000989643
0.000656813
0.000516416
0.000676653
0.000297418
0.000580845
0.000556867
0.000219067
0.000247371
0.000321011
0.00136588
7.11588e-05
0.000520802
0.000182461
0.000768784
0.000600853
0.00039879
0.000211933
0.000116203
0.000950158
0.00033077
0.000566105
0.000405032
0.000216828
0.000615278
0.000339691
0.000992955
0.000146236
0.000104625
0.000224293
0.000351602
0.000593279
0.000607471
0.0004733
0.000118744
0.000388002
0.00109942
0.000301061
0.000778365
0.000249636
0.000319523
0.000646635
0.000642251
5.04627e-05
0.000694352
0.00100928
0.000690027
0.000830689
0.000236018
8.67703e-05
0.000599706
0.000443132
0.000567636
0.000232681
0.000287157
0.000467969
0.000432884
0.000297259
0.00080512
0.00135131
0.00056876
0.000333102
0.000393257
0.000622521
0.000298126
0.000486003
0.000192954
0.000305331
0.000162701
0.000885176
0.000174382
0.000152222
0.00043995
0.000541245
0.000614385
0.000404954
0.000578891
0.000384491
0.000455408
0.000130031
0.000141811
0.000331658
0.000694566
0.000250056
0.000684471
0.00059441
0.000583935
0.000783388
0.000114673
0.000130239
0.000477539
0.000220536
0.000417207
0.000321407
0.000290135
0.000800662
0.000112115
0.000292582
0.00063958
0.000738997
0.000775151
0.000658614
0.000583487
0.000373556
0.000354917
0.000463149
0.000379836
0.000752987
0.000285751
0.00021346
0.000437201
0.000500237
0.00024354
0.000979714
0.000210527
0.000133028
0.00069473
0.000466478
0.00106391
0.00046666
0.000851208
0.000845199
0.000625476
0.000322082
0.000649558
0.000704452
0.000589717
0.000787353
0.000423994
0.000855482
0.000278896
0.000184442
0.000426826
0.000554725
0.000857496
0.000615607
0.000481762
0.000298376
0.000465998
0.000414947
0.00143733
0.000332993
0.000266623
0.000945514
0.000195909
4.49375e-05
0.000311487
0.000775093
0.000401695
0.00021942
0.000667587
0.000602171
0.000169993
0.000556825
0.000846938
0.000853594
0.000742737
0.000651064
4.04877e-05
0.000559811
0.000389101
0.000693371
0.000685419
0.000176049
0.000828305
0.000739683
0.000368239
0.000889242
0.000144035
0.000962779
0.00056086
0.000275884
0.000338055
0.000515093
6.97972e-05
0.000293641
0.000404757
0.000689391
0.000381714
0.000958353
0.000208311
0.000521054
0.000610109
0.000580124
0.000319393
0.000452011
0.00040781
0.00108701
0.000279897
0.000552367
0.000524225
0.00049185
0.000859247
0.000274087
0.000199796
0.00070982
0.00013823
0.000369789
0.00062283
0.000780942
0.000967023
0.000653578
0.000769879
5.13995e-05
0.00054344
0.000399724
0.000815107
0.000300364
0.000305735
0.000480085
0.000151915
0.0005166
0.000799229
0.000812151
0.000110142
0.000560151
0.000498655
0.000662289
0.000377989
0.000171766
0.000568074
0.000113855
0.000363162
9.8476e-05
0.000926127
0.000614336
0.000552755
0.000149289
0.00015659
0.000355624
0.000339663
1.85424e-05
0.000721786
0.00106712
0.000838266
0.000558487
0.000136555
0.000554618
0.00040651
0.000764481
0.000746245
0.000884622
0.000697839
0.000199919
0.00031488
0.000652186
0.00016334
0.000272234
0.000199847
0.000392681
0.000597717
0.000519941
0.000900113
0.000595545
0.000536925
0.00041684
0.000467024
0.000638684
0.00134261
0.000146609
0.000227034
0.000493968
0.000637636
0.000155353
0.0005194
0.000722428
0.000714407
0.000321382
0.00103102
0.000357143
0.00050082
0.00024749
0.000906513
0.000256079
0.000168372
0.000844026
0.000949574
0.000662337
0.000417536
9.58757e-05
0.000481662
0.000271835
0.000595141
0.000263867
0.000372461
0.000363718
0.000177823
0.000498146
0.000279021
0.000544971
0.000167655
0.000216384
0.000396005
0.000907341
0.000143338
0.00042496
0.000359644
0.000349174
0.000886044
0.00060602
0.000519102
0.000701485
0.000407026
0.000411464
0.000183819
0.000882085
0.000667058
0.000171336
0.000478297
8.82571e-05
0.000592797
0.000103508
0.000401694
0.000733442
0.000439408
0.000523392
0.000628205
0.000605882
0.000629311
0.000585473
0.000929875
0.000734727
0.000166729
0.000659465
0.000345195
0.000216881
0.000646476
0.00082323
0.00029677
0.000429987
0.000640655
0.000518244
0.000438915
0.000640818
0.000448133
0.000454504
0.000181452
0.00069098
0.000470371
0.000157086
0.000709834
0.000380676
0.000401926
0.000220971
0.000493154
0.000942184
0.000853009
0.00031135
0.000255312
0.000297886
0.000890711
0.000698279
0.000292391
0.000558652
0.000498571
0.000908973
0.000861568
0.000188844
0.000405329
0.000195117
0.000433717
0.000370836
0.000255899
0.000368333
0.000377676
0.000574348
0.00044126
0.000227784
0.000522614
0.000502014
0.000779549
0.000626917
0.000553982
0.000493423
0.00043569
0.000623903
0.00067866
0.000182058
0.000215547
0.000319838
0.000284017
0.000892072
0.000348102
4.96308e-05
0.000429127
0.00124431
0.000538449
0.00104196
0.000648434
0.000353716
0.000312259
0.000440149
8.12495e-05
0.000541118
0.000477987
0.000859733
0.00033367
0.000332698
8.231e-05
0.000305838
0.000382283
0.000478289
0.000559375
0.000765812
0.000867184
0.000369957
0.000671844
0.000137248
0.000639197
0.000311645
0.000278326
0.000160161
0.000340944
0.0010311
0.000648499
0.000990606
0.000547747
0.000240584
0.000872143
0.000481559
0.000706885
0.000555991
0.000469617
0.000155364
0.000411732
0.000974342
0.000354464
0.000965058
0.000244538
0.000406114
0.000557628
0.000839494
0.000576268
0.000661218
0.000205487
0.000111926
0.000645165
0.000868893
0.000133703
0.000408024
0.000508884
0.000504348
0.000331706
0.000183842
0.000691951
0.000263394
0.000663594
0.000342303
0.000917417
0.00115975
0.000986305
0.000600622
0.000801201
0.00026866
0.000767792
0.000333263
0.000392156
0.000522547
0.000905438
0.000460265
0.000777627
0.000307286
0.000437115
8.26334e-05
0.000763392
0.000537339
0.000155108
4.60385e-05
0.000624441
0.000340225
0.000181209
0.000259761
0.000159909
8.88868e-05
0.000497296
0.000647715
0.000412979
0.000565844
0.00108215
0.000370052
0.000804773
0.000450597
0.00126317
0.000442535
0.00080739
0.000276268
0.000245063
0.000541477
0.000535939
0.000521297
0.000238661
0.000162847
0.000794225
0.000602605
0.000473052
0.000397921
0.000429287
0.000179791
0.000572629
0.000706831
0.000439252
0.000312698
0.000884256
0.000375649
0.000319483
0.000433198
0.000439061
0.000758696
0.000547847
0.000339954
0.00032405
0.00070847
0.000644526
0.000871535
0.000128932
0.000856482
0.00052982
0.000682166
0.000411295
0.000814491
0.000694068
0.00076299
0.00043611
0.000678212
0.000802688
0.00044353
0.000389461
0.000449006
0.000556313
0.000543404
0.000152685
0.000423259
0.000102877
0.000186528
0.000734475
0.000509388
0.000361831
0.000264702
0.000129863
0.0003477
0.000529649
0.000535476
0.00051324
0.000217868
0.000453774
0.000111811
0.000596921
0.000854566
0.00029416
0.000263501
0.000575968
0.000630256
0.000501535
0.000390775
0.000416801
0.00086774
0.000221769
0.000834167
0.000653553
0.00031138
0.000924737
0.000384816
0.000601383
0.000222207
0.000496887
0.000424802
5.62202e-05
0.000227785
0.000646067
0.00011593
0.00070517
0.000826631
0.000522604
0.000596638
0.000530326
0.000684363
0.000388426
0.000568772
0.00034502
0.000609792
0.000618854
0.00082871
0.000409927
0.000789433
0.000297593
0.000377354
0.000224451
0.000809982
0.000356112
0.000155078
0.000403509
0.000631681
0.00101911
0.00104492
0.000806593
0.000244013
0.000312225
0.000967099
0.000854343
0.000205141
0.000300909
0.000305997
0.000389607
0.00056367
0.000253265
0.000927746
0.000624558
0.00102183
0.000264651
0.000509192
0.00105408
0.000962336
0.000733165
0.000405229
5.77747e-05
0.00127648
0.000757865
0.00056149
0.000633292
0.000787904
0.000855441
0.00050974
0.000381259
0.000147641
9.87195e-05
0.00033297
0.000165204
0.00043268
0.000548798
0.00055094
0.000298706
0.00102723
0.000715231
0.000251212
0.000555122
0.00045873
0.000628257
0.000982164
0.00109291
0.000539205
0.00012381
0.000169325
0.000464547
0.000325715
0.000417034
0.000333444
0.000470045
0.00128447
0.000684897
0.000754488
0.000718832
0.000386104
0.00045018
0.000554299
0.000167376
0.000172076
0.000268589
0.000540153
0.000134134
0.00057986
0.000495944
0.00062195
0.000118142
0.000532886
0.000169745
0.000241266
0.000506959
0.000492604
0.000648944
0.000978146
0.000860029
0.000671683
0.00060642
0.000516379
4.8211e-05
0.000816381
0.000807295
0.000583156
0.000149008
4.96308e-05
0.000279583
0.000120704
0.000683073
0.00087243
0.000317288
0.00101694
0.000686903
0.000620497
0.00012495
0.000346905
0.000356597
0.000469527
0.000976714
0.000554355
0.00132893
0.000131949
6.2641e-05
0.000462643
0.000512062
0.000254351
0.000546542
0.000196386
0.000120752
0.000312205
0.000268297
0.000884231
0.00031282
0.000249287
0.000625039
0.000187891
0.000425573
0.000880307
0.000215089
0.00124773
0.00109779
0.000109866
0.000445015
0.000617369
0.000419371
0.000401457
0.000356635
0.000544095
0.000675721
0.000337901
0.000400604
0.000834287
0.000352006
0.000319643
0.000175375
0.000650276
0.000413484
0.000606766
0.000391637
0.000295106
0.000545081
0.0010424
0.000663937
0.00121027
0.000546258
0.000597678
0.000512345
0.000197266
0.000338466
0.00040166
0.00113018
0.000829339
0.000712532
0.000704695
0.000590975
0.000402843
0.00037146
0.000232281
0.000291875
0.000577601
0.000336763
0.000625184
0.000384648
0.000484025
0.000356859
0.000694453
0.000524933
0.000318258
0.000451399
0.000135244
0.00119931
0.000389362
0.000545914
0.000595425
0.000701906
0.00028768
0.00110515
0.000249356
0.000582683
0.000378178
0.000439581
0.000476541
0.000103364
0.000146888
0.000486692
0.000516962
0.000192715
0.000629498
0.000498435
0.000238318
4.90683e-05
0.000139808
0.000317798
6.77197e-05
0.000588121
0.000426615
5.43533e-05
0.000282542
0.000585216
0.000955227
0.000169
0.00068306
0.000266849
0.000365773
0.000423163
0.000250772
0.00013503
0.000593248
0.000277636
0.000343359
0.000769292
0.000403816
0.000761701
0.000122302
0.000181564
0.000295219
0.000582601
0.000830286
0.000302671
0.000125479
0.000783443
0.000423542
0.00086592
0.000560468
0.000672767
0.000845186
0.000799438
0.00095023
0.000284415
8.81731e-05
0.000241562
0.000305408
0.000883734
0.000903816
0.00116949
0.000296046
0.000776268
0.00110185
0.00104045
0.000117332
0.000451262
0.000131104
0.000271525
0.000561078
0.000829219
0.00044145
0.00130891
0.000572895
0.000887312
0.000529458
0.000305928
0.000318486
0.000419538
0.000234809
0.000434821
0.000852964
0.000183056
0.000790425
0.000516806
0.00074929
0.000457218
0.000271623
0.000489546
0.000822231
0.000191929
0.000402162
0.000537842
0.000621802
0.000822363
0.000277898
0.000366435
0.000740648
0.000199297
0.000199997
0.000781377
0.000154916
0.000170605
0.00016304
0.000450853
9.04471e-05
0.00026188
0.000817132
0.000476928
0.000844894
0.000746179
0.000933593
0.000846478
0.000488374
0.000802003
0.000345404
0.000300531
0.000556402
0.000280341
0.000165526
0.000504045
0.000451099
0.000331807
0.000757948
0.0010164
0.000871101
0.000575329
0.000593719
0.00034395
0.000216443
0.000331168
0.000834459
0.000820657
0.000276464
0.000519722
0.000410348
0.000526961
0.000412563
0.000686898
0.000601524
2.82801e-05
0.0010959
0.000288614
7.35691e-05
0.000448532
0.00056419
0.000693087
0.00102639
0.000624001
0.000288813
0.000440953
0.000264823
0.000485552
0.000787014
0.00100833
0.000421749
0.000363259
0.000536423
0.000270116
0.000279859
0.000317436
0.000736197
0.000434227
0.00044806
0.00124294
7.40589e-05
0.000770008
0.000766637
0.000560954
0.000579233
0.000123209
0.000430809
0.000183683
0.000966941
0.000454755
6.82051e-05
0.000377688
0.000631404
0.000487076
0.000676825
0.000448914
0.000668169
0.00057417
0.000634832
0.000884194
0.00022691
0.000823472
0.000444527
0.000866555
0.000694311
8.64193e-05
0.000868441
0.000485962
0.000946788
0.00105733
0.000560627
0.000318276
0.000846864
0.000791037
0.000649527
0.000626508
0.000647406
0.000486538
0.000533302
0.000672082
0.000789703
0.000211364
0.000234041
0.000336508
0.000486226
2.08099e-05
0.000498661
0.000589324
0.000205493
0.000278347
0.000397012
0.000721501
0.000749627
0.00028126
0.000576248
0.000513379
0.000648996
0.000554788
0.0006622
0.000280105
0.000751688
0.000893347
0.000694524
0.000662646
0.000856739
0.000403855
0.000394519
0.000137395
5.62368e-06
0.000985999
0.000714409
0.000592661
8.62411e-05
0.000417279
5.99051e-05
0.000451856
0.000748133
0.000127164
0.00045877
0.000257274
0.000600689
0.000505152
0.000288173
0.000673764
0.000817448
0.000457804
0.000460131
0.000269271
8.30983e-05
0.000945543
0.000232177
0.000591794
0.000429251
0.000711859
0.000191707
0.000432798
0.000400959
0.000454274
0.00014233
0.000158349
0.000186961
0.00102122
0.000363864
0.000734404
0.00043146
0.000518407
0.000354078
0.000467036
0.000870377
0.000623068
0.00107202
0.000522928
8.17447e-05
0.00133003
0.00067837
9.20374e-05
0.000504682
0.00103585
0.000310648
0.000388909
0.0002107
0.00050123
0.00117063
0.000127984
0.000680089
0.000452335
0.000514913
0.00066164
0.000473149
0.00032741
0.00028581
0.000907944
0.00021971
0.000462188
0.000626868
0.0008653
0.000215326
0.000456021
0.000635447
0.000744755
0.000846091
0.000207584
0.000777014
0.000125496
0.00046692
0.000446324
0.00100425
0.000743839
0.000498191
0.000887173
0.000904135
0.00115154
0.00057803
0.000361074
9.84811e-05
0.000280501
0.000181489
0.000318385
0.000646344
0.000511228
0.000604757
0.000264421
0.000474756
0.000575782
0.000335138
0.000233282
0.000598045
0.000395004
0.000666168
0.000475836
0.000295973
0.000590191
0.000202857
0.000267536
0.000338227
0.000325582
0.000367608
0.000418346
0.000517869
0.000378738
0.000144466
0.000452917
0.000385719
0.000544646
0.000352502
0.00113102
4.72673e-05
0.000522031
0.000251955
0.000319544
0.000315983
0.000436525
0.000304395
0.000847073
0.000488204
0.000770049
0.0003753
0.000466492
0.000284335
0.000661752
0.000177376
0.000577285
0.000561695
0.000889192
0.000367712
0.00104012
0.000383365
0.000305797
0.000569712
8.11354e-05
0.000414422
0.00101534
0.000410834
0.000620243
0.00035517
0.000523166
0.00112915
0.000308296
0.00035499
0.00070295
0.00107161
0.000536196
0.000319537
0.00119614
0.00073225
0.000442298
0.000287667
0.00102351
0.000891117
0.000277431
0.000293892
0.000505962
0.000825815
0.000245489
0.000167762
0.000159544
0.00051287
0.00083388
0.00123451
0.000671865
0.000207814
0.000191783
0.000287413
0.000317037
0.00062117
0.000419036
0.000299572
0.000560553
0.000306296
0.000726685
6.61463e-05
0.000168383
0.000700706
0.000443882
0.000255099
0.000852346
0.000514915
0.00100975
0.000464415
0.000342839
0.000216134
0.000349186
0.000725001
0.000200209
0.000543599
0.000371639
0.000157451
0.000516662
0.000649633
0.000188113
0.000179807
0.00035505
0.000619825
0.000804386
0.000214778
0.000550369
0.000744568
0.000524832
0.000254663
0.000551343
0.000917762
0.000176587
0.000615503
0.00106689
0.000535349
0.000448942
0.000522394
0.00137112
0.000567817
0.000106994
0.0005418
0.000698475
0.000571803
0.000354743
0.000204552
0.000343107
3.34649e-05
0.000459391
0.000693951
0.000261961
0.000846993
0.000484022
0.000422691
0.000141656
0.000200549
0.000365899
0.000120101
0.000757423
0.000641219
0.000337334
0.000567591
0.000384961
0.000600711
0.000916164
0.000867723
0.00031468
0.000422447
0.000602865
0.000744987
0.000296028
0.000348561
0.000533827
0.000763896
0.000286713
0.000569952
0.000305089
0.000576297
0.00049522
0.000636503
8.4877e-05
0.000616413
0.000864282
0.000663701
0.000333829
0.000586854
0.000268164
0.000913944
0.000210845
0.000131115
0.000170185
0.000533035
0.000199455
0.000108798
0.000382752
0.000420164
0.000913794
0.00041888
0.000191109
0.000920453
0.000296757
0.000314858
0.000464103
0.000926195
0.00039944
0.000132894
0.000798479
0.000688246
0.000337063
0.000635203
0.00110583
0.000657796
0.00049119
0.000675375
0.000819316
0.000371574
0.000245686
0.000914232
0.000159699
0.000376529
0.000708463
0.000636689
0.000992172
0.000861671
0.00063767
0.000423307
0.000646261
0.000284508
0.00013605
0.000889444
0.000586905
0.000942579
0.000655057
0.000728056
0.000488904
0.000448785
8.9338e-05
0.000397427
0.000844086
0.000299798
0.000690173
0.000367073
0.000408392
0.000556285
9.23438e-05
0.000425521
0.000816737
8.31906e-05
0.000566229
0.000173746
0.00057704
0.000425278
0.000393724
0.00034397
0.000274818
0.000731334
0.000204132
0.000548933
0.000769448
0.000750544
0.000553749
0.000442662
0.000357322
0.000642494
0.000369829
0.000641574
0.000393715
0.000734606
0.000893673
0.000800322
0.000354649
0.000549604
0.00111139
0.000466538
0.000495924
0.000206731
0.000122498
0.000245723
0.000323143
0.000687851
0.000156645
0.000603564
0.000474532
0.000529521
0.00123013
0.000583052
0.000266642
0.000628619
0.000170227
0.00167744
0.000358881
0.000589951
0.000575035
0.000475106
0.000465075
0.000297495
0.000461219
0.000580417
0.000695808
0.000543139
0.000627853
0.000785127
0.000825392
0.00070678
0.000634286
0.000231928
0.00025848
0.000504348
0.00085565
0.000365448
0.000883803
0.00038512
0.000457745
0.000259653
0.000442631
0.00046378
0.000339094
0.000437554
0.000558338
0.000508896
0.00065884
0.000552041
0.000329414
0.000487605
0.000763646
0.000135147
0.000508574
0.000393673
0.000273622
0.0003087
0.000665209
0.000219102
0.00042252
0.000201038
0.000729252
0.000577279
0.000223227
0.000869631
0.000240472
0.000421667
0.000247381
0.000562527
0.000342715
0.000433628
0.00080738
0.000477968
0.000150535
0.000275091
0.000425938
0.000225594
0.000367485
0.000361658
3.58025e-05
0.000284828
0.00045351
0.000479627
0.000678836
0.000872853
0.000263176
0.000286199
0.000878322
0.00061201
0.000910977
0.000270674
0.000314808
0.000549526
0.000991873
0.000373031
0.000350616
0.000598399
0.00050756
0.000725209
0.000362818
0.000812333
0.000513217
0.000603017
0.000636064
0.000569774
0.000359058
0.000402612
0.000475546
0.00106378
0.000697679
0.000513162
0.000658867
0.000745462
0.000404908
0.000814601
0.000467771
0.000471616
0.000634625
0.000818757
0.000361825
0.000291212
0.000328855
0.000830232
0.000386253
0.000210595
0.000347791
0.000730002
0.00057522
0.000692692
0.000517158
0.00062841
0.0012741
0.000408358
0.000590408
0.000613568
0.000768084
0.000691173
0.000549777
0.000510767
0.000546141
0.000578554
0.00087349
7.67209e-05
0.000620603
0.000229605
0.000272023
0.000334026
0.000551781
0.00069273
0.00046106
0.000223175
0.000306085
0.000249543
0.000152214
0.000196619
0.000748026
0.000211792
0.000188605
0.00040196
0.00104754
0.000757325
0.000298563
0.000664526
8.7395e-05
0.000363415
0.000877743
0.000477987
0.000442991
0.000251595
0.000706506
0.000528875
0.000170276
4.14242e-05
0.000345355
0.000222281
0.000590143
0.000913284
0.000208858
0.000485814
0.000308714
0.0002476
0.000594262
0.000716183
0.000269593
0.000532145
0.000694851
0.000689639
0.000458842
0.000227305
0.000205929
0.000165385
0.000423899
0.000345065
0.000690792
0.000655586
0.000208593
0.000784548
0.000709234
0.000646108
0.00054088
0.000177534
0.000206845
0.000564647
0.000149977
0.000201227
0.000696765
0.000227213
0.000381289
0.000417143
0.000298066
0.000729301
0.000764801
0.000297721
0.000953141
0.000188766
0.000438197
0.000645077
0.000685746
0.000259331
0.000778367
0.000217503
0.000290223
0.000683154
0.000392255
0.000686652
0.00094766
0.000585203
0.000668706
0.000337994
0.000729147
0.00031338
0.000515387
0.000352516
0.000863109
0.00079666
0.000702323
0.000473518
1.11265e-05
0.000822622
0.000127689
0.000693462
0.000145761
0.00018063
0.000313976
0.000212089
0.000373667
0.000181097
0.0010618
0.000343645
0.000324731
0.000606866
0.000822593
0.000479332
0.000454586
0.000517708
0.000573628
0.000451758
0.000147537
0.000543842
0.000576703
0.000761803
0.000591254
0.000654532
0.000249176
0.000131848
0.000215387
0.000547602
0.000201307
0.00106994
0.000127248
0.000803684
0.00018482
0.000757948
0.000467203
0.000590686
0.00028087
0.000545223
0.000423997
0.000747535
0.000807937
0.000754438
0.000897714
0.000525584
0.000706914
0.000243604
0.000442404
0.000271455
0.000972162
0.000251845
0.00056218
0.000939346
0.000671072
0.000522681
0.000276992
0.000272647
0.000706258
0.000554206
0.000683411
0.000622525
0.000600616
0.000251003
0.000444887
0.000665216
0.000877341
0.000344125
0.000764575
0.000311634
0.000310975
0.000170611
0.000255244
0.000338735
0.000810818
0.0003
0.000454284
0.000593042
0.000465256
0.000271894
0.000412982
0.000624808
0.000511556
0.00068642
0.000968826
0.000570941
0.00080931
0.000118124
0.00101066
0.000277217
0.000316727
0.00100792
0.000383781
0.000274467
0.000484439
0.000317077
0.000435957
0.000407354
0.000559686
0.000476954
0.000550393
0.000360315
0.000831482
0.00015184
0.000512983
0.000562044
0.000792148
0.000678903
0.000616876
0.00100974
0.000730806
0.000454475
0.000589821
0.000169502
0.000483819
0.000913285
3.92835e-05
0.000251197
0.000366802
0.000265376
0.000351786
0.000167972
0.000173529
0.000447588
0.000477079
0.000377748
0.000471837
0.000208558
0.000374417
0.000652126
0.000897552
0.000602287
0.000497017
0.000653584
0.00028854
0.000893468
0.000581692
0.000369359
0.00045802
0.00031413
0.000529434
0.000455353
0.000207519
7.78554e-05
0.000333826
0.000434289
0.000397868
0.00044874
0.000292512
0.000655809
8.76555e-05
8.57297e-05
0.000928612
0.000308774
0.000151083
0.000420597
0.000668671
0.000884836
0.000401803
0.000391942
0.000317664
0.000409256
0.000436486
0.00041833
0.000236038
0.000296001
0.000758046
0.000157177
0.000350205
4.04281e-05
0.000521511
0.000359336
0.000583164
0.000571062
0.000260174
0.000572312
0.000904932
0.000461599
0.000332235
0.000575383
0.000400408
0.000684589
0.000658967
0.00102895
0.000234273
0.000608085
0.000409726
0.000353951
0.000854197
0.000306642
0.000211321
0.000670106
0.000625806
0.000188488
0.00067128
0.00076496
0.000692268
0.000716645
0.000177028
0.000307758
0.000429247
0.000181496
0.000708567
0.000379263
0.000130843
2.93753e-05
0.000783305
0.000176383
0.000703039
0.00047648
0.000435879
0.000134628
0.000681596
0.000697486
0.000319508
0.000323014
0.000652367
0.000717603
0.000677799
0.000552621
0.000569973
0.000366267
0.000429792
0.0003554
0.00101191
0.000694394
0.000460429
0.000563741
0.000282461
0.000522465
0.000481982
0.0002743
0.000118244
0.000338604
0.000838498
0.00047028
0.000478213
0.000499501
0.00048965
0.000179919
0.000406042
0.000374492
0.000436591
0.000287554
0.000208043
0.000348216
0.00034911
0.000500729
0.00056892
0.000620795
0.000749856
0.000951776
0.000440377
0.000692739
0.000386807
0.000568087
0.000506018
0.000771142
0.000543398
0.00074252
0.000442022
0.000583769
0.000524909
0.000298891
0.000460146
0.000579133
0.00051985
0.000442829
0.00036566
0.000239716
0.000484301
0.00063854
0.000458791
0.00040929
0.000352246
0.000447643
0.000267751
0.000596565
0.000137958
0.00126874
0.00108391
0.000483693
0.000478448
0.00017348
0.000329954
0.00124778
4.25647e-05
0.000163204
0.00021331
0.000174151
0.000709437
0.000271394
0.000268844
0.000908933
0.000718371
0.000618872
0.00068085
0.000324332
0.00060939
0.000883021
0.000405562
0.000328737
0.000804594
0.000713434
0.00057667
0.000285826
0.000268902
0.00100485
0.000101924
0.000133417
0.000386952
0.00107785
0.000516205
0.000562447
0.000170784
0.000397007
0.000361098
0.000305696
0.000813451
0.000149541
0.000208026
0.000308307
0.000689809
0.00021616
0.000620164
0.000660716
0.000273882
0.000830402
0.000235375
0.000452532
0.000268996
0.000981539
0.000437917
0.000458334
0.000449084
0.000372734
0.000217244
0.000325123
0.000434339
0.000545308
0.00102787
0.000490259
0.000599993
0.000441094
0.00103839
0.000674209
0.00021498
0.000836721
0.000218467
0.000542181
0.000682993
0.000158536
0.000297113
0.000473064
0.000600502
0.000292513
0.00047787
0.000266416
0.00048939
0.000523595
0.000192108
0.00046292
0.000283636
0.00110796
0.000358376
0.000794909
0.000558615
0.000322445
0.000287555
0.000917014
0.000405232
0.000308889
0.000539912
0.000320822
0.000349247
0.000728862
0.000749838
0.000409757
0.00025752
0.000580599
0.000443917
0.000115711
0.000729714
0.000540596
0.00044681
0.000575716
0.000355926
0.000603924
0.000257204
0.000363506
0.000465108
0.000444304
0.000707346
0.000507186
0.000287125
0.000145214
0.000240787
0.000596051
0.000496541
0.000309466
0.000494012
0.000757291
0.000387036
0.000605401
0.000587668
0.000721482
0.000200853
6.6522e-05
0.00107931
0.000578697
0.00061544
0.000149306
0.000341092
0.000275392
0.000399973
0.000413088
0.0004622
0.000390486
0.000888107
0.000141528
0.0007787
0.000606853
0.000676721
0.000304921
0.00063482
0.000512396
0.000614177
0.000119057
0.000226319
0.000378945
0.000521777
0.000451099
0.000906898
0.0003214
0.000716066
0.000201485
0.000876372
0.00110947
0.000673561
0.000554752
0.000719224
0.000971697
0.00025371
0.000839068
0.000130721
0.000276448
0.000407782
0.000912523
0.000729195
0.000199
0.000668377
0.000224355
9.15532e-05
0.000164408
0.000304689
0.000455755
0.000460852
0.000268285
0.000484495
0.000493785
0.000847295
0.000249279
0.000714083
0.000719822
0.00059413
0.00101194
0.000865607
0.000459788
0.000189898
0.00050089
0.000344502
0.000534095
0.000458352
0.000447087
0.000521554
0.00111802
0.000402277
0.00064134
0.000560515
0.00103319
0.000632538
0.00080957
0.000274341
0.00031017
0.000792188
0.000445481
0.000395318
0.00087802
0.000278727
0.000207694
0.000549615
0.000744923
0.0009912
0.000528836
9.16006e-05
0.000483021
0.000331752
0.000735559
0.00100542
0.000901607
0.000674883
7.30353e-05
6.23034e-05
0.0008056
0.00118419
0.000200586
0.000792118
0.000142771
0.000611659
0.000709227
0.000928518
0.000453875
0.000155783
0.000414724
0.00073649
0.000862703
0.000673466
0.000513441
0.000242758
0.000673563
0.000225693
0.000173026
0.000674284
0.000546827
0.000627865
6.22709e-05
0.00112388
0.000544458
0.000598196
0.000369127
0.000230486
0.000478135
0.00063262
0.000339721
0.000211983
0.000422359
0.00043495
0.000502793
0.00101112
0.00032361
0.000648784
0.00107695
0.000785931
0.000227465
0.00036257
0.00058564
0.000627165
0.000277161
0.000718713
0.000708745
0.000191821
0.000149364
0.000388435
0.000275136
0.000600153
0.000602588
0.000853395
0.000496289
0.000412679
0.000777391
0.000524359
0.00110945
0.000606792
0.000522018
0.000458226
0.000329594
0.000981586
0.000633979
0.00101816
0.000214622
0.000282443
0.000817331
0.000619385
0.000818422
0.000413489
0.000184279
0.000426957
0.00032751
0.000219039
0.000251287
0.000640644
0.000427152
0.00031381
0.000777216
0.000146634
0.000359657
0.000948213
0.000715861
0.000671886
0.000395941
0.000514578
7.09431e-05
0.000570756
0.000263915
0.000501675
0.000688929
0.000553503
0.00028142
0.000787535
0.000783484
0.000536091
0.000467064
0.000362005
0.000252416
0.000602048
0.000552804
0.000516766
0.00047537
0.000595273
0.0002582
0.000525826
0.000780227
0.00060483
0.000929461
0.00039517
0.00105796
0.000505877
0.000369017