0.706579
0.706862
0.706677
0.70677
0.706712
0.706944
0.70672
0.706684
0.70662
0.706581
0.706626
0.706524
0.706822
0.706675
0.706745
0.706879
0.706765
0.706677
0.706184
0.706185
0.707024
0.706946
0.706955
0.706565
0.706987
0.706398
0.706757
0.706652
0.70642
0.706423
0.706891
0.706754
0.706158
0.706427
0.706689
0.706652
0.707071
0.706972
0.70658
0.70628
0.706525
0.706547
0.706471
0.706912
0.706479
0.706886
0.706853
0.70645
0.706491
0.706928
0.706833
0.706852
0.706998
0.70677
0.706901
0.70634
0.707032
0.706446
0.706724
0.706531
0.706672
0.706681
0.706722
0.706696
0.706506
0.706968
0.706491
0.706853
0.706968
0.706864
0.70701
0.706348
0.706808
0.706742
0.706989
0.706606
0.706848
0.706912
0.706083
0.706738
0.706737
0.706705
0.706368
0.706473
0.70661
0.706763
0.705994
0.705831
0.706966
0.706614
0.706824
0.706667
0.706595
0.706815
0.706655
0.707049
0.706464
0.70647
0.706546
0.706817
0.706762
0.706834
0.706929
0.706847
0.706648
0.70683
0.706119
0.706926
0.706679
0.70624
0.706801
0.706685
0.706816
0.706683
0.706951
0.706693
0.706641
0.706531
0.706922
0.706933
0.706689
0.706567
0.706555
0.706778
0.706698
0.706768
0.706709
0.70656
0.706869
0.706813
0.706673
0.706777
0.706905
0.706576
0.706987
0.706687
0.706269
0.70623
0.70676
0.706947
0.706737
0.706691
0.706798
0.706809
0.70653
0.706551
0.706863
0.706837
0.706802
0.706482
0.706705
0.706598
0.706772
0.706506
0.707041
0.706956
0.706174
0.706493
0.706888
0.706669
0.706874
0.706686
0.706876
0.706846
0.706696
0.706753
0.706589
0.706595
0.706918
0.706921
0.706533
0.706528
0.706714
0.706696
0.706982
0.706635
0.706479
0.706719
0.706586
0.70687
0.70684
0.706367
0.706528
0.706543
0.706981
0.706282
0.706631
0.706514
0.706696
0.706742
0.706799
0.706511
0.706972
0.706354
0.706755
0.706671
0.70642
0.706902
0.706799
0.707007
0.706394
0.7064
0.706855
0.706918
0.706916
0.706765
0.706593
0.706963
0.706611
0.706387
0.706676
0.706786
0.706743
0.706799
0.70679
0.706689
0.70667
0.707085
0.706929
0.706933
0.706482
0.706953
0.706484
0.70652
0.706531
0.706378
0.706519
0.706865
0.706959
0.705987
0.706524
0.706841
0.705936
0.706328
0.70692
0.706853
0.70625
0.706587
0.706672
0.706845
0.70649
0.706553
0.706369
0.70674
0.706502
0.706673
0.707001
0.706381
0.706944
0.706794
0.707073
0.706792
0.706762
0.70676
0.706995
0.707056
0.707064
0.706747
0.7067
0.707053
0.706517
0.707052
0.706991
0.706908
0.707003
0.706512
0.706673
0.706686
0.706862
0.706672
0.706745
0.706569
0.706987
0.706789
0.706839
0.706501
0.70704
0.706678
0.706001
0.706777
0.706924
0.706956
0.706323
0.706842
0.706807
0.706905
0.706964
0.706436
0.706468
0.706805
0.706462
0.706909
0.706727
0.706422
0.706638
0.70657
0.706663
0.706972
0.706665
0.706192
0.706933
0.706765
0.70669
0.706737
0.706897
0.706747
0.70692
0.707056
0.706612
0.706217
0.706528
0.706445
0.706677
0.706428
0.706464
0.706704
0.70685
0.706757
0.706926
0.706778
0.706471
0.706973
0.706652
0.706756
0.706889
0.706918
0.706234
0.706399
0.70621
0.70635
0.70665
0.70671
0.706403
0.706918
0.706732
0.706923
0.706663
0.706877
0.706603
0.706674
0.706625
0.706855
0.706881
0.706422
0.706887
0.706771
0.706859
0.706926
0.70699
0.706348
0.706908
0.706726
0.706514
0.706615
0.706884
0.706765
0.706264
0.706661
0.706757
0.70661
0.706867
0.706874
0.706439
0.706643
0.706465
0.706693
0.706741
0.706886
0.706602
0.70628
0.706686
0.706065
0.706662
0.706925
0.70693
0.706589
0.706641
0.706809
0.706877
0.706209
0.707061
0.706992
0.706838
0.706701
0.706609
0.706581
0.706661
0.706425
0.706435
0.706494
0.707066
0.706693
0.706621
0.706406
0.70661
0.706554
0.70672
0.706774
0.707066
0.706811
0.706545
0.706332
0.706724
0.706579
0.706666
0.706996
0.706528
0.706579
0.706331
0.706098
0.706956
0.706897
0.706634
0.706845
0.706811
0.706514
0.706493
0.706622
0.706675
0.706868
0.706422
0.70652
0.706776
0.706797
0.706605
0.706318
0.706921
0.707037
0.706442
0.706084
0.70642
0.706972
0.706602
0.706873
0.706889
0.706776
0.706882
0.706907
0.706952
0.706732
0.706929
0.706906
0.706869
0.706519
0.706725
0.706591
0.70684
0.706834
0.706522
0.706447
0.70656
0.70655
0.706584
0.706602
0.706435
0.706367
0.706878
0.706289
0.706081
0.706337
0.706551
0.706321
0.706839
0.706842
0.70683
0.706387
0.70665
0.706773
0.707002
0.706763
0.706817
0.706717
0.706558
0.706402
0.70691
0.706361
0.706197
0.706791
0.706487
0.706675
0.706612
0.706717
0.706943
0.706846
0.706762
0.706905
0.706898
0.706679
0.706761
0.70637
0.706655
0.706817
0.706539
0.707075
0.706679
0.70656
0.706632
0.70671
0.706649
0.706144
0.706293
0.706466
0.706634
0.706637
0.706668
0.706725
0.706715
0.706778
0.706257
0.70671
0.706697
0.706554
0.70682
0.706277
0.70663
0.706576
0.706515
0.706979
0.706568
0.706672
0.706979
0.706753
0.706709
0.706945
0.706939
0.706717
0.706616
0.70669
0.706418
0.706402
0.706687
0.70696
0.706256
0.706888
0.706337
0.706503
0.706625
0.706569
0.706742
0.706661
0.706892
0.706881
0.706473
0.706889
0.706885
0.706534
0.706916
0.706992
0.706902
0.706497
0.706487
0.706151
0.706781
0.706709
0.7067
0.706859
0.706881
0.7069
0.706801
0.706606
0.706839
0.706472
0.706794
0.706121
0.706783
0.706986
0.70663
0.706735
0.706546
0.706867
0.706461
0.706609
0.706683
0.706861
0.70613
0.706656
0.706718
0.706801
0.707012
0.706757
0.706972
0.706857
0.70666
0.706688
0.706665
0.7069
0.706655
0.706547
0.706594
0.706717
0.706969
0.707047
0.706662
0.706398
0.706825
0.706845
0.706782
0.706801
0.706769
0.706435
0.706675
0.706368
0.70668
0.70639
0.706545
0.707027
0.706952
0.706359
0.706482
0.706379
0.706048
0.706559
0.706426
0.706668
0.706765
0.706603
0.706945
0.707002
0.706328
0.706457
0.706844
0.706463
0.706436
0.706263
0.706774
0.706139
0.706604
0.706092
0.706412
0.706653
0.706235
0.706524
0.706728
0.706549
0.706869
0.706842
0.706316
0.706918
0.706597
0.707038
0.706898
0.706638
0.706382
0.706735
0.706365
0.706515
0.706491
0.706635
0.706866
0.706413
0.706705
0.706482
0.706726
0.706642
0.706321
0.706513
0.706349
0.706799
0.706788
0.706718
0.706498
0.7069
0.706654
0.706536
0.706483
0.706541
0.706821
0.706685
0.7067
0.70613
0.707077
0.706611
0.706668
0.706826
0.706171
0.706661
0.706937
0.70675
0.706642
0.70673
0.706622
0.706658
0.706047
0.706481
0.70661
0.706725
0.706892
0.706775
0.706647
0.70679
0.706989
0.707003
0.707041
0.706836
0.706655
0.706941
0.706722
0.706797
0.706783
0.70695
0.706992
0.706608
0.706651
0.706542
0.706958
0.706905
0.706505
0.706325
0.706468
0.706804
0.706478
0.706887
0.706617
0.706597
0.706998
0.706926
0.706566
0.706237
0.706485
0.706393
0.706614
0.706721
0.706837
0.706663
0.706445
0.706745
0.706834
0.706251
0.706796
0.706953
0.706718
0.706882
0.706844
0.706868
0.70667
0.706927
0.706318
0.707003
0.706696
0.706799
0.706733
0.706744
0.706477
0.706697
0.706228
0.70643
0.70687
0.706719
0.706698
0.706477
0.706978
0.706639
0.706736
0.70691
0.706534
0.706765
0.706496
0.706634
0.707047
0.706634
0.706491
0.706334
0.706522
0.706339
0.706678
0.706856
0.706485
0.706469
0.706252
0.706437
0.706396
0.706469
0.706611
0.706679
0.706314
0.706974
0.706489
0.706578
0.706733
0.70657
0.706594
0.706502
0.706878
0.706589
0.706903
0.706852
0.706574
0.706235
0.706835
0.706944
0.706693
0.70703
0.706736
0.706694
0.707063
0.706868
0.706318
0.706352
0.706562
0.706813
0.706813
0.706755
0.706416
0.706921
0.70674
0.706491
0.706788
0.706824
0.706782
0.706898
0.706221
0.706201
0.706988
0.706378
0.707004
0.706536
0.706204
0.706936
0.706667
0.706531
0.706116
0.706268
0.706773
0.706729
0.707066
0.706637
0.70684
0.706302
0.706861
0.70631
0.706597
0.706581
0.706229
0.707077
0.707043
0.706715
0.70677
0.706614
0.706757
0.706744
0.706795
0.706582
0.706529
0.70697
0.706245
0.707052
0.706978
0.706235
0.706799
0.706668
0.706576
0.706834
0.706452
0.706574
0.706681
0.706589
0.706679
0.706375
0.706576
0.706498
0.706871
0.706876
0.706573
0.706918
0.706518
0.706329
0.706833
0.706803
0.706633
0.706827
0.706553
0.706682
0.706735
0.706367
0.70658
0.706975
0.706908
0.706325
0.706766
0.706378
0.706013
0.706586
0.706743
0.706977
0.706825
0.706926
0.706761
0.706751
0.706416
0.706567
0.706607
0.706289
0.706947
0.706624
0.706622
0.706793
0.706794
0.706609
0.706645
0.706577
0.706231
0.706743
0.70669
0.706857
0.706638
0.706588
0.706437
0.70661
0.706591
0.706736
0.706719
0.706674
0.706578
0.706735
0.706389
0.70667
0.706911
0.706618
0.706544
0.706556
0.706805
0.706217
0.706236
0.706407
0.706593
0.706537
0.706859
0.706703
0.706027
0.706627
0.706839
0.706523
0.706869
0.706707
0.706557
0.706482
0.706815
0.706829
0.706013
0.706812
0.706931
0.706587
0.706221
0.70669
0.706716
0.706679
0.706675
0.706348
0.706807
0.706877
0.706762
0.707054
0.70665
0.706533
0.706454
0.706957
0.706336
0.706917
0.706669
0.706451
0.707003
0.706637
0.706553
0.706069
0.707012
0.706703
0.706435
0.706738
0.706864
0.706951
0.706229
0.706825
0.706357
0.706539
0.706507
0.706836
0.706243
0.706279
0.706638
0.7066
0.70692
0.706526
0.707087
0.706685
0.706576
0.70608
0.706357
0.706759
0.706593
0.70675
0.706347
0.706887
0.707072
0.706876
0.706934
0.706381
0.706713
0.70634
0.706909
0.706622
0.706149
0.706792
0.706435
0.706903
0.706997
0.706179
0.706576
0.70643
0.706897
0.706789
0.706929
0.706343
0.706071
0.706736
0.706278
0.7066
0.706459
0.706952
0.706632
0.706981
0.706467
0.706634
0.70648
0.706597
0.706618
0.706723
0.706792
0.706655
0.706734
0.706776
0.706177
0.70623
0.706874
0.70688
0.706694
0.706768
0.706559
0.706776
0.706787
0.706925
0.705924
0.706739
0.706822
0.707014
0.70667
0.70649
0.706766
0.7066
0.706939
0.706691
0.706441
0.70664
0.706717
0.706808
0.707048
0.706716
0.70681
0.706818
0.70665
0.706955
0.706804
0.706427
0.706498
0.706269
0.70649
0.706802
0.706878
0.706457
0.706562
0.706717
0.706523
0.7067
0.706029
0.706482
0.706955
0.706664
0.706801
0.706619
0.70695
0.706715
0.706692
0.706774
0.706096
0.706552
0.707018
0.706377
0.706898
0.706986
0.707065
0.706686
0.706344
0.707018
0.706649
0.706675
0.706493
0.707073
0.706882
0.706383
0.706965
0.706273
0.70653
0.706782
0.706481
0.706758
0.70684
0.706886
0.706406
0.706575
0.707037
0.706722
0.707041
0.706678
0.706639
0.706851
0.706469
0.706756
0.706753
0.706697
0.706758
0.706759
0.706929
0.706593
0.706412
0.706661
0.706743
0.706608
0.70686
0.7067
0.706763
0.706868
0.706767
0.706599
0.706919
0.706228
0.706207
0.706717
0.706138
0.706356
0.70681
0.706891
0.706528
0.706857
0.707017
0.706747
0.706458
0.70691
0.706476
0.706696
0.706591
0.706833
0.706366
0.706551
0.706626
0.706709
0.706392
0.706801
0.70681
0.70665
0.706902
0.706347
0.706907
0.706779
0.706316
0.70654
0.706356
0.706859
0.706321
0.706557
0.706751
0.706522
0.706797
0.706543
0.706394
0.706413
0.706727
0.706011
0.706467
0.706896
0.707051
0.706832
0.706938
0.706614
0.706871
0.706743
0.70686
0.706228
0.706375
0.706801
0.706433
0.706483
0.706432
0.706829
0.706806
0.706742
0.706291
0.706894
0.706447
0.70702
0.706332
0.706769
0.706827
0.706647
0.706821
0.706442
0.706764
0.706857
0.706675
0.706323
0.706581
0.706612
0.707015
0.706777
0.7065
0.706633
0.706645
0.706198
0.7064
0.706443
0.706917
0.706526
0.706831
0.706773
0.706495
0.706956
0.706573
0.70661
0.707025
0.70586
0.706466
0.706643
0.706888
0.706526
0.706711
0.706379
0.706433
0.70661
0.706548
0.706516
0.706963
0.706634
0.706653
0.70658
0.706849
0.706764
0.706568
0.706619
0.706455
0.706687
0.70636
0.706995
0.706457
0.706778
0.706944
0.706468
0.706715
0.706734
0.706915
0.706559
0.706439
0.706933
0.70663
0.706825
0.706632
0.706143
0.706546
0.706699
0.707008
0.706575
0.706627
0.706729
0.706206
0.706651
0.706423
0.706462
0.706414
0.706736
0.706494
0.706864
0.706333
0.706274
0.706886
0.706628
0.706761
0.706301
0.706988
0.706548
0.706274
0.706512
0.706752
0.706935
0.706213
0.70655
0.706393
0.706785
0.706471
0.707001
0.706889
0.706622
0.706777
0.706585
0.706754
0.706809
0.70642
0.706324
0.706412
0.706572
0.706957
0.706518
0.706945
0.70693
0.706392
0.70684
0.706576
0.706516
0.706735
0.707078
0.706827
0.706729
0.707049
0.706799
0.706896
0.706499
0.706581
0.7067
0.706647
0.70704
0.706675
0.706668
0.706583
0.70636
0.706509
0.706269
0.706578
0.706828
0.706538
0.706729
0.706668
0.706842
0.70694
0.706524
0.706758
0.707073
0.706364
0.706987
0.706681
0.706499
0.706943
0.706937
0.706106
0.706608
0.706531
0.706681
0.706637
0.70653
0.706642
0.706805
0.706967
0.706721
0.706533
0.706611
0.706693
0.706835
0.706494
0.706349
0.706561
0.706806
0.706951
0.7068
0.706921
0.706489
0.706549
0.70632
0.706583
0.706175
0.706862
0.706607
0.706443
0.707
0.70659
0.706707
0.706547
0.707089
0.706935
0.706724
0.706809
0.706622
0.706317
0.706519
0.706379
0.706656
0.706929
0.706276
0.70657
0.706637
0.706698
0.70677
0.70671
0.706739
0.706231
0.706882
0.706486
0.706626
0.706618
0.707003
0.706885
0.706029
0.706483
0.706401
0.706194
0.706751
0.706608
0.706543
0.706801
0.70697
0.706364
0.706737
0.706717
0.706658
0.706762
0.707075
0.706304
0.706807
0.706388
0.706035
0.706815
0.70675
0.706343
0.706912
0.706711
0.70632
0.707056
0.706553
0.70628
0.706817
0.706976
0.706574
0.706261
0.707025
0.706348
0.706514
0.706538
0.706487
0.706987
0.706365
0.706338
0.706916
0.70679
0.706811
0.706697
0.70662
0.706821
0.707005
0.706809
0.706534
0.706796
0.706859
0.706406
0.70692
0.706443
0.706306
0.706788
0.706788
0.706626
0.706449
0.706817
0.706654
0.707085
0.706986
0.706892
0.706648
0.706583
0.707042
0.70684
0.706862
0.706955
0.706789
0.706577
0.706599
0.706801
0.706979
0.706395
0.706607
0.706847
0.706984
0.706477
0.707027
0.706687
0.706974
0.705965
0.706938
0.706527
0.70702
0.706744
0.706498
0.706108
0.706548
0.706961
0.706582
0.706474
0.706922
0.706331
0.706973
0.706876
0.706984
0.706873
0.706393
0.706952
0.706678
0.706902
0.706375
0.706783
0.706825
0.706745
0.706926
0.706418
0.706947
0.706409
0.706563
0.706471
0.706607
0.706623
0.706789
0.706162
0.706695
0.706851
0.706718
0.706583
0.706962
0.706873
0.706738
0.706567
0.706704
0.706949
0.706197
0.706733
0.706951
0.706875
0.706483
0.706468
0.707007
0.706758
0.706512
0.706886
0.706591
0.706523
0.70646
0.706489
0.70683
0.70679
0.7069
0.707034
0.706937
0.70676
0.706805
0.706413
0.706799
0.706623
0.706634
0.706236
0.706687
0.70692
0.706749
0.706821
0.705966
0.706949
0.706848
0.706335
0.706742
0.70647
0.706667
0.706774
0.706706
0.706841
0.707025
0.706736
0.706587
0.706432
0.70639
0.706626
0.706472
0.706543
0.706585
0.706482
0.706602
0.706532
0.706477
0.706798
0.707004
0.706758
0.706784
0.706705
0.706516
0.706817
0.70707
0.706187
0.706204
0.707083
0.706894
0.707026
0.706654
0.70636
0.70669
0.706295
0.706796
0.707028
0.706668
0.70672
0.706862
0.706667
0.706669
0.706835
0.706833
0.706506
0.706911
0.706384
0.706715
0.706902
0.706885
0.706634
0.706714
0.706818
0.706848
0.706971
0.706369
0.706756
0.706811
0.706314
0.706549
0.706793
0.70687
0.706922
0.706696
0.706506
0.706599
0.706908
0.706802
0.706861
0.706767
0.706681
0.706924
0.706605
0.706826
0.706745
0.706513
0.706458
0.706881
0.706743
0.706199
0.706238
0.70676
0.706793
0.706581
0.706736
0.707015
0.706756
0.706338
0.706917
0.706791
0.706161
0.706396
0.706936
0.706198
0.706626
0.70689
0.706773
0.706746
0.706903
0.70691
0.706079
0.706891
0.706695
0.706527
0.706558
0.706461
0.706965
0.706692
0.706977
0.706797
0.706798
0.706798
0.706051
0.706894
0.706392
0.706861
0.706201
0.706298
0.706553
0.707016
0.706195
0.706328
0.706756
0.706293
0.70701
0.706965
0.706295
0.706596
0.70611
0.706557
0.706307
0.706925
0.706729
0.706818
0.706642
0.706462
0.70663
0.706546
0.706608
0.706826
0.706443
0.706593
0.706326
0.706523
0.706384
0.706499
0.70691
0.706632
0.706831
0.706608
0.706668
0.706741
0.70672
0.706811
0.706531
0.706453
0.70646
0.706707
0.70664
0.706889
0.705982
0.706749
0.706821
0.707028
0.706759
0.706673
0.706837
0.70637
0.706613
0.706794
0.706821
0.70644
0.706711
0.706895
0.706862
0.706815
0.70663
0.706481
0.706935
0.706801
0.706809
0.706715
0.70605
0.70702
0.706919
0.706876
0.706429
0.706765
0.706572
0.706841
0.707021
0.706863
0.706885
0.706753
0.7069
0.706659
0.70609
0.706066
0.706749
0.706608
0.706433
0.70613
0.706847
0.706621
0.706579
0.706923
0.70656
0.706851
0.706813
0.706382
0.706402
0.706651
0.706659
0.706908
0.706444
0.70668
0.706418
0.706711
0.706342
0.70666
0.706505
0.706679
0.706918
0.70654
0.706518
0.706681
0.706722
0.706189
0.706475
0.706601
0.706962
0.706164
0.70679
0.707029
0.706436
0.706289
0.706278
0.706879
0.706539
0.706106
0.706626
0.70664
0.706585
0.706336
0.70675
0.706577
0.706271
0.706774
0.70632
0.706719
0.70687
0.706557
0.706883
0.706719
0.706297
0.706615
0.706642
0.706914
0.706483
0.706852
0.70689
0.706864
0.70641
0.706725
0.706427
0.706076
0.706987
0.706559
0.70628
0.706769
0.707056
0.70665
0.706721
0.70689
0.706875
0.706748
0.706744
0.70643
0.70657
0.706937
0.70687
0.706777
0.706638
0.706407
0.706745
0.706868
0.70682
0.706644
0.706826
0.706759
0.70671
0.706678
0.70648
0.706689
0.706682
0.706987
0.706764
0.706266
0.706604
0.706664
0.706559
0.706702
0.706719
0.70675
0.706303
0.706586
0.70657
0.706744
0.706734
0.7068
0.706283
0.707076
0.706344
0.7067
0.706171
0.706225
0.706926
0.706593
0.706619
0.706798
0.706747
0.706833
0.706789
0.706754
0.706334
0.706628
0.70679
0.706919
0.706605
0.706817
0.706761
0.706575
0.706512
0.706459
0.706584
0.706788
0.706949
0.706577
0.706606
0.706725
0.706899
0.7065
0.70691
0.707049
0.706878
0.706157
0.706934
0.706479
0.706593
0.707069
0.706567
0.706781
0.706631
0.706408
0.706649
0.706416
0.706761
0.706391
0.70671
0.705843
0.706652
0.706518
0.706313
0.706663
0.706441
0.706532
0.70671
0.706524
0.706579
0.706972
0.706943
0.706899
0.706776
0.706445
0.706515
0.706194
0.706685
0.706945
0.706589
0.706726
0.706833
0.706905
0.706929
0.706412
0.706545
0.706908
0.706719
0.706631
0.706691
0.706743
0.706661
0.70663
0.706686
0.706845
0.70642
0.707019
0.706653
0.706628
0.706344
0.706446
0.706584
0.706765
0.706785
0.706773
0.706815
0.706787
0.706337
0.706875
0.706679
0.706838
0.706703
0.706191
0.706552
0.707033
0.706709
0.707031
0.706783
0.706997
0.706863
0.706347
0.706448
0.70667
0.70651
0.706722
0.706825
0.706947
0.706691
0.706614
0.7063
0.706845
0.706537
0.706606
0.706803
0.706691
0.706612
0.706758
0.706622
0.706845
0.706968
0.706123
0.706671
0.706598
0.706727
0.70671
0.706459
0.706459
0.706774
0.706765
0.706912
0.706449
0.706507
0.707021
0.70657
0.706641
0.706562
0.7062
0.706675
0.706785
0.706592
0.706351
0.706787
0.706657
0.706842
0.706285
0.706816
0.706535
0.706895
0.706489
0.706664
0.706582
0.70679
0.706752
0.706737
0.706555
0.706182
0.706751
0.706892
0.706789
0.706486
0.706255
0.706709
0.706534
0.706601
0.707029
0.706735
0.706875
0.706606
0.706613
0.706573
0.706296
0.706769
0.70663
0.706721
0.706751
0.706473
0.706589
0.706525
0.706886
0.706606
0.706841
0.706853
0.706097
0.706438
0.706631
0.706707
0.70633
0.707024
0.707012
0.706738
0.706452
0.706258
0.7063
0.706529
0.706873
0.706521
0.706615
0.706058
0.706697
0.706733
0.7067
0.706414
0.706849
0.706331
0.706622
0.706476
0.706904
0.706359
0.706378
0.706812
0.706484
0.706576
0.706379
0.706034
0.70689
0.706782
0.706491
0.70688
0.706405
0.706899
0.707028
0.70675
0.706877
0.706613
0.706409
0.706865
0.706832
0.706993
0.706317
0.706492
0.70686
0.70705
0.706313
0.706655
0.706856
0.706593
0.706702
0.706618
0.706398
0.706683
0.706935
0.706238
0.706663
0.706819
0.706862
0.706819
0.70655
0.706936
0.706687
0.706215
0.706861
0.706181
0.707015
0.706908
0.706794
0.706704
0.70683
0.706299
0.706695
0.70621
0.706829
0.706471
0.707013
0.706629
0.70708
0.706684
0.706741
0.706997
0.706678
0.706907
0.706812
0.706247
0.706841
0.706838
0.706654
0.706981
0.706519
0.706994
0.706443
0.706885
0.70663
0.706869
0.706859
0.706984
0.70662
0.706755
0.706394
0.706375
0.706704
0.706721
0.706892
0.706681
0.706552
0.706741
0.706435
0.706709
0.706825
0.706386
0.706829
0.706696
0.706063
0.706197
0.70684
0.70673
0.706859
0.706511
0.706534
0.706909
0.70652
0.706417
0.706695
0.706833
0.706447
0.706613
0.706973
0.70652
0.706675
0.706604
0.706186
0.706593
0.706632
0.706323
0.70634
0.706774
0.706567
0.706622
0.707003
0.707081
0.706587
0.706771
0.706692
0.706482
0.706447
0.706702
0.706467
0.706818
0.706867
0.706612
0.706861
0.7066
0.706332
0.706748
0.706314
0.706919
0.706682
0.706716
0.707025
0.706676
0.70653
0.7068
0.70647
0.706719
0.706923
0.706674
0.706629
0.706628
0.706942
0.706947
0.706513
0.706628
0.705905
0.706868
0.706421
0.707026
0.706538
0.706822
0.706696
0.706325
0.706632
0.70683
0.706649
0.706868
0.706835
0.706809
0.707079
0.706943
0.706683
0.706694
0.706903
0.706497
0.706826
0.706916
0.706799
0.70638
0.706896
0.706589
0.706573
0.706977
0.706381
0.706576
0.706695
0.706371
0.706408
0.706502
0.706718
0.706853
0.706957
0.706536
0.706467
0.706913
0.706439
0.706877
0.706834
0.70655
0.707093
0.706037
0.706742
0.706945
0.706166
0.706594
0.706771
0.70696
0.706573
0.70667
0.706761
0.706828
0.706546
0.706475
0.707029
0.706766
0.706618
0.706435
0.70662
0.706616
0.706439
0.706657
0.706814
0.706828
0.706532
0.706901
0.706552
0.706601
0.706549
0.706069
0.706629
0.706314
0.706826
0.706524
0.706677
0.706799
0.706973
0.707014
0.707019
0.706802
0.706783
0.706929
0.706513
0.706705
0.706789
0.70689
0.706447
0.706441
0.70661
0.706641
0.706851
0.706941
0.706182
0.706882
0.706737
0.706768
0.706734
0.70669
0.70675
0.706544
0.706773
0.706401
0.706965
0.706487
0.706829
0.706371
0.706003
0.706936
0.706781
0.706882
0.706298
0.70657
0.706579
0.706792
0.706596
0.706312
0.706408
0.706491
0.706471
0.706695
0.706862
0.706996
0.706283
0.70671
0.706809
0.706826
0.70661
0.706449
0.706898
0.706793
0.706409
0.706723
0.706494
0.7065
0.706797
0.706318
0.706841
0.706518
0.706532
0.706682
0.706849
0.706798
0.70682
0.706129
0.706094
0.706244
0.706869
0.706625
0.705962
0.706494
0.706095
0.706665
0.706812
0.706955
0.706272
0.706916
0.706965
0.707013
0.706634
0.706435
0.706904
0.706888
0.706424
0.706581
0.706991
0.706683
0.706695
0.706768
0.706227
0.706547
0.706486
0.706778
0.706503
0.706485
0.706894
0.706454
0.70673
0.706242
0.706155
0.706547
0.70639
0.70652
0.70635
0.706525
0.706733
0.706278
0.706691
0.706799
0.706451
0.706899
0.706479
0.706846
0.706617
0.706558
0.706829
0.706665
0.706788
0.706541
0.706327
0.706551
0.70616
0.706822
0.706945
0.706623
0.706141
0.706485
0.706534
0.706867
0.706902
0.706835
0.706777
0.706807
0.70662
0.706913
0.706877
0.706438
0.706543
0.706218
0.706669
0.706846
0.706376
0.706652
0.705906
0.706604
0.70697
0.706005
0.706739
0.706597
0.706536
0.706374
0.706689
0.707018
0.706302
0.706796
0.707052
0.706538
0.706869
0.706097
0.706747
0.706652
0.706613
0.706705
0.70668
0.706794
0.706987
0.706514
0.706908
0.706805
0.706482
0.70691
0.706519
0.706325
0.706234
0.706523
0.706531
0.706672
0.707023
0.706335
0.706721
0.707026
0.706757
0.706697
0.706945
0.706978
0.706885
0.706614
0.706941
0.706523
0.706176
0.706865
0.707002
0.70658
0.706848
0.706755
0.706314
0.706482
0.706921
0.706658
0.706695
0.706205
0.706505
0.706726
0.706785
0.706838
0.706571
0.706581
0.706529
0.706921
0.706424
0.706798
0.706395
0.706587
0.706447
0.706351
0.706402
0.706652
0.706851
0.706965
0.706771
0.706318
0.706706
0.706885
0.70668
0.707042
0.706296
0.706513
0.706419
0.706283
0.70656
0.706866
0.706819
0.707044
0.706586
0.706963
0.706871
0.706713
0.706439
0.707017
0.706899
0.707009
0.706943
0.706284
0.706612
0.706943
0.706498
0.706929
0.70647
0.706556
0.70655
0.706361
0.707009
0.7069
0.706856
0.706347
0.706865
0.706857
0.706537
0.706631
0.706256
0.706702
0.706741
0.707013
0.706833
0.70693
0.706355
0.706731
0.706516
0.706687
0.706637
0.706431
0.707049
0.706758
0.706927
0.707024
0.706414
0.70689
0.707029
0.706547
0.706651
0.706609
0.706972
0.70685
0.70639
0.706468
0.707029
0.706546
0.70679
0.706681
0.70668
0.706819
0.70671
0.706584
0.706847
0.706928
0.706779
0.706666
0.706655
0.706551
0.706606
0.706638
0.706901
0.706702
0.706939
0.706457
0.706959
0.706522
0.706658
0.70674
0.706599
0.70656
0.706827
0.70651
0.706681
0.706671
0.706663
0.706803
0.706779
0.70667
0.706797
0.706508
0.706981
0.706877
0.706544
0.706724
0.706657
0.706407
0.706705
0.706547
0.706492
0.706504
0.706508
0.706895
0.706401
0.706642
0.706595
0.706824
0.706447
0.706954
0.706704
0.707025
0.706582
0.706809
0.706896
0.70664
0.706156
0.706726
0.706575
0.706671
0.706767
0.706725
0.706823
0.706696
0.706603
0.706857
0.70691
0.706396
0.706059
0.706796
0.706952
0.706713
0.706822
0.707001
0.706625
0.707023
0.706914
0.707062
0.706718
0.706983
0.706532
0.70634
0.70674
0.706934
0.706627
0.706472
0.706616
0.706192
0.706158
0.707078
0.706594
0.706859
0.706355
0.706367
0.706946
0.706535
0.706022
0.706934
0.706986
0.706615
0.706654
0.706484
0.706704
0.706632
0.706892
0.706799
0.706152
0.706975
0.706489
0.706296
0.70644
0.706561
0.706565
0.706954
0.706649
0.707053
0.706685
0.706582
0.706607
0.706751
0.706435
0.706545
0.706538
0.706885
0.706861
0.706605
0.706414
0.70635
0.706597
0.706286
0.706783
0.70628
0.706768
0.706876
0.706398
0.706684
0.706552
0.706538
0.706496
0.706143
0.706937
0.706483
0.706516
0.706588
0.706765
0.706911
0.70669
0.706922
0.70691
0.706434
0.706411
0.706709
0.706622
0.706954
0.706699
0.7069
0.706865
0.706559
0.706506
0.706876
0.706796
0.706894
0.70689
0.706609
0.706534
0.706902
0.706932
0.706912
0.706817
0.70658
0.7066
0.706815
0.706781
0.706785
0.706999
0.70625
0.706626
0.706568
0.706695
0.70645
0.706836
0.706787
0.706281
0.706669
0.706469
0.706982
0.706705
0.706535
0.706408
0.706256
0.706647
0.706777
0.706488
0.706454
0.70641
0.706694
0.706498
0.706684
0.706377
0.706628
0.706736
0.706508
0.706796
0.706081
0.706602
0.706749
0.70618
0.706831
0.706255
0.706804
0.707081
0.706164
0.706661
0.706849
0.70674
0.706703
0.706
0.706551
0.706553
0.706604
0.706666
0.706597
0.706601
0.706904
0.70669
0.706486
0.706894
0.706653
0.706599
0.706751
0.706414
0.706834
0.706775
0.706564
0.706478
0.706933
0.706514
0.706667
0.706979
0.706759
0.706526
0.706808
0.706403
0.706449
0.706848
0.706609
0.706111
0.706963
0.706891
0.706474
0.706554
0.706641
0.706804
0.706803
0.706825
0.706594
0.706717
0.706546
0.706543
0.706745
0.706664
0.706881
0.706645
0.706852
0.706671
0.706633
0.706765
0.706505
0.706685
0.706862
0.706596
0.706977
0.706743
0.70659
0.706729
0.706557
0.706629
0.706331
0.706545
0.706598
0.706437
0.706913
0.70631
0.706567
0.706685
0.706859
0.706322
0.706975
0.706861
0.70688
0.706401
0.706528
0.706285
0.706517
0.706828
0.706675
0.706695
0.706899
0.70689
0.70696
0.706615
0.70651
0.706626
0.706782
0.706448
0.706911
0.706657
0.707066
0.706915
0.706828
0.706354
0.707017
0.706727
0.707023
0.706417
0.706499
0.70685
0.706641
0.706796
0.706558
0.706813
0.706774
0.707008
0.707026
0.706889
0.706771
0.706611
0.706921
0.706347
0.706782
0.706848
0.706689
0.706641
0.706365
0.706771
0.706782
0.706303
0.706455
0.706473
0.706669
0.70657
0.706433
0.706644
0.706975
0.706908
0.706694
0.706963
0.706929
0.707022
0.706808
0.706675
0.706358
0.706837
0.706528
0.70658
0.706782
0.706886
0.706766
0.706656
0.70639
0.706748
0.706904
0.706659
0.706551
0.70692
0.706608
0.70697
0.706806
0.706787
0.706981
0.706386
0.706646
0.706568
0.706736
0.706459
0.70702
0.706793
0.706429
0.706851
0.706482
0.706919
0.706838
0.706161
0.706737
0.706048
0.706791
0.706778
0.706553
0.706309
0.706767
0.706668
0.706542
0.706866
0.706556
0.706227
0.706728
0.706449
0.706576
0.70677
0.706983
0.706561
0.706922
0.706916
0.706721
0.706361
0.706717
0.706511
0.706708
0.706496
0.706452
0.706518
0.70686
0.706736
0.706791
0.706901
0.706896
0.706624
0.706742
0.706763
0.706934
0.706415
0.706161
0.706322
0.705998
0.706922
0.706546
0.706654
0.706619
0.70652
0.706751
0.707018
0.706403
0.705944
0.706705
0.706299
0.706978
0.70634
0.706844
0.706615
0.706684
0.706687
0.706916
0.706614
0.706398
0.706743
0.706763
0.706997
0.706218
0.706897
0.706842
0.706861
0.706569
0.706873
0.706225
0.706732
0.706634
0.706401
0.706888
0.706786
0.706497
0.706596
0.706686
0.705981
0.706658
0.706778
0.706444
0.706405
0.706637
0.706804
0.706646
0.706771
0.70665
0.706831
0.70647
0.707052
0.706978
0.706288
0.706434
0.70646
0.706459
0.706617
0.706752
0.707069
0.70706
0.707051
0.706442
0.706719
0.706545
0.706746
0.706934
0.706473
0.706907
0.706817
0.706788
0.706853
0.70621
0.706718
0.706876
0.706976
0.706376
0.706246
0.707038
0.706982
0.706283
0.706809
0.706655
0.706919
0.706507
0.706616
0.706721
0.706654
0.706914
0.706363
0.706952
0.706307
0.706022
0.706576
0.707069
0.70682
0.706599
0.706568
0.706689
0.706906
0.706391
0.706838
0.706669
0.706411
0.706762
0.706717
0.706906
0.706511
0.706978
0.706797
0.706721
0.706458
0.706894
0.706834
0.706761
0.70673
0.706809
0.706731
0.706011
0.706615
0.706947
0.706922
0.7068
0.706856
0.706161
0.706592
0.706765
0.70668
0.7068
0.706765
0.706484
0.706681
0.706795
0.706978
0.706961
0.7067
0.706953
0.706631
0.706763
0.706671
0.706428
0.707046
0.706521
0.706667
0.706826
0.706033
0.70641
0.706428
0.706825
0.706897
0.706873
0.706458
0.706623
0.706883
0.706793
0.706586
0.706679
0.706364
0.706588
0.706497
0.706929
0.706272
0.706796
0.706975
0.706539
0.706994
0.706991
0.70678
0.706948
0.706837
0.706192
0.706558
0.707082
0.706969
0.706436
0.706789
0.706602
0.706601
0.706926
0.70675
0.706739
0.706803
0.706532
0.706913
0.706861
0.706543
0.706831
0.706944
0.706807
0.706524
0.706435
0.706736
0.706693
0.706695
0.706705
0.706736
0.706894
0.706632
0.706293
0.706112
0.706917
0.706806
0.706688
0.706572
0.706682
0.706797
0.70678
0.706837
0.706595
0.706646
0.706792
0.706966
0.707014
0.706878
0.706779
0.706594
0.706959
0.706756
0.706912
0.706566
0.706517
0.706653
0.706708
0.706206
0.706937
0.706859
0.706785
0.706389
0.706754
0.706292
0.706592
0.706427
0.70675
0.706778
0.706625
0.706916
0.706987
0.706814
0.706906
0.706312
0.706583
0.706993
0.706655
0.706493
0.70682
0.706896
0.706754
0.706886
0.706969
0.706558
0.70699
0.706345
0.706747
0.706755
0.706348
0.706436
0.706712
0.7067
0.706706
0.706671
0.706754
0.707021
0.706559
0.706921
0.706465
0.706919
0.706628
0.706751
0.706449
0.706435
0.70675
0.706655
0.706792
0.706882
0.706824
0.706923
0.70684
0.706814
0.706526
0.706518
0.706965
0.706799
0.707061
0.706799
0.706728
0.706721
0.705895
0.706264
0.706262
0.706971
0.706976
0.706875
0.706606
0.706755
0.707004
0.706739
0.706581
0.706732
0.706926
0.706466
0.706947
0.706419
0.706848
0.707001
0.706822
0.706739
0.706588
0.706637
0.706686
0.706815
0.706763
0.706437
0.706476
0.7065
0.706685
0.706176
0.706606
0.706973
0.706622
0.706531
0.707004
0.706894
0.706951
0.706929
0.706841
0.70676
0.706972
0.706854
0.706476
0.706598
0.706833
0.706502
0.706706
0.706447
0.706619
0.707047
0.706824
0.706583
0.70682
0.706666
0.706576
0.706395
0.706334
0.7065
0.706254
0.706884
0.706922
0.706594
0.706674
0.706778
0.706946
0.706602
0.707066
0.706867
0.706597
0.70661
0.706334
0.706486
0.706915
0.706885
0.706951
0.706969
0.706648
0.706867
0.706706
0.706948
0.707036
0.706525
0.70688
0.706618
0.706292
0.706588
0.706853
0.706683
0.70668
0.706869
0.706936
0.706506
0.706822
0.706194
0.706958
0.706768
0.706689
0.706969
0.706592
0.7068
0.706654
0.706937
0.706749
0.706854
0.706481
0.706607
0.706774
0.706808
0.706936
0.706651
0.706479
0.706763
0.706494
0.706636
0.706658
0.70666
0.706884
0.706739
0.706786
0.70663
0.706466
0.706463
0.706636
0.706663
0.706969
0.706711
0.70631
0.706354
0.706783
0.70689
0.706766
0.706624
0.706257
0.706749
0.706734
0.707012
0.706636
0.706793
0.706113
0.706456
0.706956
0.706528
0.706737
0.706905
0.705953
0.706643
0.706461
0.70645
0.706554
0.706553
0.706905
0.706756
0.706686
0.70598
0.706757
0.706911
0.706778
0.706613
0.706908
0.706694
0.706945
0.706487
0.706911
0.706576
0.706511
0.706778
0.706799
0.706449
0.706498
0.707069
0.706312
0.706873
0.706789
0.706308
0.706659
0.706531
0.706614
0.707007
0.706836
0.706631
0.706824
0.706399
0.706502
0.706883
0.707014
0.706777
0.706909
0.70665
0.706588
0.706904
0.706551
0.706753
0.70644
0.706216
0.70654
0.706913
0.70659
0.706435
0.706389
0.706231
0.706911
0.706572
0.706846
0.706752
0.706247
0.7068
0.706628
0.706947
0.70615
0.706939
0.706712
0.706709
0.706665
0.706476
0.706759
0.706994
0.706606
0.707086
0.706681
0.706592
0.706325
0.706284
0.70696
0.706794
0.706292
0.706111
0.706615
0.706921
0.706476
0.70639
0.706756
0.706256
0.706934
0.706824
0.706815
0.706834
0.706801
0.70672
0.706546
0.706699
0.70679
0.706493
0.706508
0.706791
0.70676
0.706803
0.706681
0.706398
0.706856
0.706419
0.706521
0.707032
0.706476
0.706873
0.706907
0.706584
0.706689
0.706794
0.70656
0.706492
0.706364
0.706748
0.70665
0.706745
0.707028
0.706799
0.706735
0.706322
0.70681
0.70665
0.706924
0.706816
0.706638
0.706715
0.706935
0.706755
0.706875
0.706841
0.707028
0.706797
0.706851
0.706878
0.706842
0.706782
0.706693
0.706672
0.706849
0.706861
0.706862
0.706743
0.706524
0.706853
0.706764
0.706582
0.706632
0.70658
0.707087
0.70676
0.706755
0.706418
0.706098
0.70638
0.707087
0.706872
0.706598
0.70647
0.706735
0.706818
0.706628
0.706755
0.706582
0.706811
0.706554
0.706645
0.706894
0.706719
0.706814
0.706735
0.706498
0.706616
0.706773
0.7069
0.706505
0.706703
0.706674
0.706806
0.706467
0.706448
0.706888
0.706729
0.706035
0.707006
0.706982
0.706871
0.706252
0.706103
0.706814
0.706829
0.70678
0.706973
0.70677
0.706613
0.706852
0.706663
0.706873
0.706449
0.706786
0.706737
0.707046
0.706484
0.706929
0.70692
0.706817
0.706414
0.706557
0.707077
0.706554
0.706613
0.706343
0.706459
0.706738
0.706936
0.706776
0.70643
0.706247
0.706958
0.706859
0.706611
0.706722
0.706338
0.706353
0.706856
0.706986
0.706534
0.706222
0.706654
0.706704
0.706165
0.706573
0.706591
0.706657
0.706426
0.706604
0.706944
0.70688
0.706539
0.706828
0.706717
0.706509
0.706466
0.70704
0.706793
0.706401
0.706586
0.706749
0.706742
0.706734
0.706952
0.706597
0.706833
0.706577
0.706779
0.706574
0.706731
0.706349
0.706671
0.70659
0.70681
0.707026
0.706401
0.706966
0.706857
0.707095
0.706762
0.706746
0.7068
0.706878
0.706382
0.706859
0.707044
0.706753
0.706775
0.706796
0.706993
0.706577
0.706912
0.706853
0.705941
0.706572
0.706909
0.706472
0.706832
0.706557
0.706962
0.706504
0.706909
0.706752
0.706643
0.706663
0.707085
0.706809
0.706294
0.706965
0.706565
0.706777
0.706361
0.706446
0.706577
0.706657
0.706979
0.706277
0.706684
0.706969
0.706603
0.706639
0.706606
0.706675
0.70688
0.706724
0.707052
0.706506
0.707009
0.707052
0.706272
0.706569
0.706516
0.706685
0.706953
0.706782
0.706683
0.706876
0.706437
0.70653
0.706984
0.706627
0.70682
0.706419
0.705954
0.706736
0.706364
0.706532
0.706314
0.707015
0.706956
0.706878
0.706939
0.70599
0.706336
0.706804
0.706195
0.706696
0.706866
0.706909
0.706688
0.706639
0.706636
0.706961
0.706635
0.706702
0.706618
0.706733
0.706632
0.706729
0.706734
0.706557
0.706763
0.706803
0.70686
0.706834
0.706759
0.706881
0.706762
0.706756
0.706378
0.70706
0.706848
0.706981
0.706787
0.706867
0.706428
0.706962
0.706999
0.706473
0.706547
0.706733
0.706547
0.706831
0.706571
0.706318
0.706216
0.706663
0.706698
0.706737
0.706436
0.706388
0.706891
0.705929
0.706436
0.707007
0.706766
0.706955
0.706964
0.706901
0.706688
0.7069
0.706589
0.706932
0.706461
0.706842
0.706657
0.706586
0.706289
0.706841
0.706741
0.706779
0.70677
0.706436
0.706316
0.706802
0.706622
0.706739
0.706921
0.706894
0.706891
0.706763
0.706658
0.706193
0.706924
0.706661
0.706911
0.706501
0.706816
0.706511
0.706523
0.706171
0.706464
0.706221
0.706748
0.707005
0.706941
0.70678
0.706705
0.706862
0.706532
0.706057
0.706688
0.706657
0.707029
0.70692
0.706168
0.706681
0.70671
0.70691
0.706828
0.7068
0.706893
0.706583
0.706991
0.706361
0.706905
0.706796
0.706442
0.706562
0.706247
0.706541
0.706489
0.706558
0.706836
0.705766
0.706748
0.706096
0.706692
0.706808
0.706314
0.706578
0.706393
0.706543
0.706334
0.706608
0.707036
0.70662
0.706669
0.706747
0.706492
0.706709
0.706602
0.706589
0.706857
0.706802
0.706559
0.706618
0.706404
0.706408
0.706711
0.70654
0.706805
0.70662
0.706943
0.706485
0.70682
0.706599
0.706966
0.706956
0.706769
0.706607
0.706843
0.706557
0.706628
0.706151
0.706351
0.706859
0.706816
0.707008
0.706853
0.706325
0.70615
0.706378
0.706529
0.706454
0.706501
0.70643
0.706868
0.706877
0.706942
0.706579
0.706223
0.706812
0.706269
0.706716
0.706515
0.706793
0.706647
0.70668
0.706486
0.706589
0.706526
0.706371
0.706761
0.706484
0.706275
0.706597
0.706704
0.706873
0.705951
0.70697
0.706736
0.706686
0.706263
0.706436
0.706649
0.706748
0.706639
0.706896
0.706649
0.706966
0.706984
0.706611
0.706445
0.706422
0.706842
0.706382
0.705723
0.706549
0.7066
0.706284
0.706904
0.706638
0.707074
0.706621
0.706785
0.706709
0.706894
0.706914
0.706679
0.706972
0.70676
0.706248
0.706779
0.706979
0.706537
0.706426
0.707069
0.706968
0.706966
0.706177
0.7068
0.706766
0.706463
0.706921
0.706617
0.706363
0.706673
0.706787
0.706659
0.706737
0.706396
0.706749
0.706883
0.70689
0.706454
0.706942
0.706981
0.706635
0.706373
0.706656
0.706855
0.706348
0.706676
0.706743
0.706798
0.706845
0.706467
0.706934
0.706763
0.70703
0.706843
0.706685
0.706097
0.706078
0.706579
0.706948
0.706423
0.706827
0.706738
0.706964
0.70677
0.706907
0.706888
0.706054
0.706992
0.706556
0.706353
0.706907
0.70656
0.707067
0.706753
0.706736
0.706691
0.706898
0.706773
0.706944
0.707031
0.706753
0.706579
0.706929
0.706427
0.706549
0.706805
0.706038
0.706752
0.706754
0.706679
0.706755
0.707067
0.706749
0.706795
0.707001
0.70661
0.706577
0.706854
0.706351
0.7067
0.706673
0.706585
0.706914
0.706808
0.70672
0.706922
0.706596
0.706761
0.706819
0.70693
0.706448
0.706863
0.706989
0.706932
0.706426
0.707049
0.706491
0.706696
0.707035
0.706846
0.706328
0.706818
0.706729
0.706797
0.706822
0.706477
0.706701
0.706827
0.706982
0.70606
0.706714
0.706948
0.706383
0.706743
0.706407
0.706873
0.706931
0.706746
0.706798
0.706816
0.706997
0.706571
0.706428
0.706658
0.706879
0.705836
0.70668
0.706673
0.706921
0.70693
0.706372
0.706669
0.706916
0.707023
0.706603
0.706433
0.706674
0.706999
0.706845
0.706892
0.707044
0.706769
0.70642
0.70682
0.706739
0.706855
0.70663
0.706828
0.706681
0.706912
0.70673
0.70683
0.706576
0.706472
0.706221
0.706782
0.706673
0.70692
0.706877
0.706628
0.705995
0.706289
0.706351
0.706404
0.706798
0.706916
0.706752
0.706736
0.706457
0.706763
0.7065
0.706745
0.70674
0.706946
0.70652
0.706644
0.706469
0.706207
0.70671
0.706982
0.706646
0.706977
0.706553
0.706905
0.706451
0.706977
0.706558
0.706359
0.70687
0.706927
0.706743
0.70664
0.706825
0.706717
0.706728
0.706625
0.70653
0.706837
0.706751
0.7069
0.706612
0.70648
0.706409
0.706497
0.706622
0.706846
0.706812
0.706803
0.706206
0.706578
0.706802
0.706838
0.706876
0.706853
0.706308
0.706842
0.706407
0.706487
0.706988
0.706773
0.706853
0.706607
0.706845
0.706621
0.706511
0.706265
0.706848
0.706797
0.706517
0.706594
0.706543
0.706538
0.706111
0.706769
0.706976
0.706676
0.706963
0.706635
0.707087
0.706619
0.706684
0.70695
0.706482
0.706695
0.706633
0.706812
0.706893
0.706747
0.706694
0.706949
0.706405
0.706736
0.706855
0.706694
0.706563
0.706552
0.706865
0.70671
0.706492
0.706825
0.70647
0.706641
0.706609
0.706578
0.707054
0.706729
0.706981
0.706783
0.706623
0.706639
0.70688
0.70674
0.706609
0.706929
0.706811
0.706948
0.706975
0.706727
0.706748
0.706354
0.706772
0.706771
0.706974
0.70673
0.707001
0.706668
0.706806
0.706698
0.706207
0.706506
0.706592
0.706721
0.706797
0.7067
0.706818
0.706551
0.706679
0.706746
0.70683
0.706752
0.706322
0.706821
0.706871
0.706937
0.706708
0.705954
0.706908
0.706227
0.7064
0.706832
0.706511
0.706148
0.706699
0.706837
0.706703
0.70668
0.706771
0.706506
0.70688
0.706211
0.706964
0.706461
0.706847
0.706347
0.706711
0.706456
0.706178
0.706772
0.706967
0.706414
0.706511
0.706712
0.70629
0.706597
0.706768
0.707036
0.7066
0.706497
0.706344
0.706837
0.706812
0.706698
0.706905
0.706916
0.706627
0.706624
0.706795
0.706379
0.706914
0.706563
0.706677
0.706676
0.706324
0.706912
0.706961
0.706492
0.706331
0.706841
0.706742
0.706568
0.707009
0.706624
0.706818
0.706365
0.706632
0.706535
0.706678
0.706242
0.706114
0.706697
0.706959
0.706273
0.70685
0.706509
0.706956
0.706653
0.706716
0.706712
0.706547
0.707012
0.706609
0.706627
0.706409
0.706656
0.706754
0.706272
0.706539
0.706698
0.706901
0.706514
0.706543
0.706719
0.706657
0.706506
0.706651
0.706339
0.706816
0.707073
0.706807
0.706822
0.706894
0.706525
0.706775
0.706645
0.706486
0.706582
0.706601
0.706755
0.706626
0.706126
0.706936
0.706895
0.70662
0.70704
0.706557
0.706333
0.70649
0.706638
0.706719
0.7069
0.706635
0.706808
0.706404
0.706656
0.70647
0.706601
0.70645
0.706426
0.706858
0.707023
0.706339
0.706858
0.706456
0.70701
0.706565
0.70672
0.706927
0.706825
0.706783
0.706841
0.706331
0.706738
0.706851
0.706529
0.706986
0.706794
0.706831
0.706956
0.706495
0.706986
0.706334
0.706297
0.706447
0.70648
0.706735
0.706985
0.706852
0.706708
0.706469
0.707005
0.706635
0.706837
0.706906
0.706753
0.7065
0.706779
0.706808
0.706878
0.706739
0.706805
0.706804
0.706793
0.706532
0.70657
0.706952
0.706872
0.706763
0.706901
0.706562
0.706798
0.70661
0.706628
0.706417
0.706394
0.706657
0.706803
0.706206
0.706599
0.706677
0.706973
0.706334
0.706402
0.706824
0.70688
0.706754
0.706736
0.706723
0.706182
0.706207
0.706513
0.707072
0.706998
0.706738
0.70672
0.706872
0.706827
0.70696
0.706931
0.706615
0.70676
0.706709
0.70623
0.70667
0.706442
0.7068
0.706683
0.706732
0.706494
0.706955
0.706532
0.706604
0.706721
0.706322
0.70667
0.706666
0.706498
0.706772
0.706943
0.70676
0.706761
0.706865
0.706943
0.706443
0.706718
0.706572
0.706507
0.706734
0.706597
0.706335
0.706564
0.706284
0.706696
0.706388
0.706942
0.706749
0.706825
0.706537
0.706531
0.706508
0.706938
0.706209
0.706423
0.706449
0.706601
0.707008
0.706202
0.706791
0.706584
0.706632
0.706407
0.706626
0.706603
0.706777
0.707019
0.706716
0.706489
0.706856
0.706285
0.706842
0.706408
0.707059
0.706403
0.707015
0.706215
0.706743
0.706216
0.706903
0.706239
0.706876
0.706751
0.706591
0.706824
0.706676
0.70672
0.706666
0.706737
0.706902
0.706885
0.707001
0.706846
0.706566
0.706487
0.706157
0.706931
0.706819
0.706479
0.707023
0.706625
0.706225
0.706418
0.706945
0.706663
0.706745
0.707035
0.706516
0.706569
0.706815
0.70632
0.706759
0.707083
0.705977
0.706481
0.706572
0.706345
0.706679
0.706322
0.706834
0.706803
0.706514
0.706411
0.706746
0.706767
0.706719
0.706608
0.706835
0.706249
0.706945
0.706542
0.706817
0.706813
0.70694
0.706803
0.706143
0.70673
0.706524
0.706452
0.706647
0.706391
0.706505
0.706518
0.706825
0.706713
0.706539
0.706769
0.706499
0.706436
0.706752
0.706929
0.706962
0.706684
0.706816
0.706624
0.706234
0.706533
0.706591
0.706396
0.706467
0.706805
0.706579
0.706526
0.706082
0.70701
0.706872
0.70644
0.707032
0.706391
0.706793
0.706645
0.706601
0.706905
0.706296
0.7069
0.70678
0.706535
0.706974
0.706708
0.706879
0.706904
0.706665
0.706312
0.706777
0.706284
0.706842
0.706756
0.706645
0.706267
0.706801
0.706958
0.706868
0.706777
0.706332
0.706651
0.706271
0.706902
0.706518
0.706984
0.706393
0.70675
0.707002
0.706625
0.706869
0.706876
0.706594
0.706731
0.706752
0.706457
0.706692
0.706912
0.706626
0.706645
0.706766
0.706736
0.706918
0.70658
0.706514
0.706322
0.707006
0.706902
0.706463
0.706394
0.7067
0.706478
0.706894
0.706473
0.706922
0.706346
0.706529
0.706934
0.706488
0.706956
0.706627
0.70693
0.706987
0.706588
0.706508
0.706917
0.706511
0.707003
0.706986
0.706864
0.706662
0.706524
0.706967
0.706944
0.706899
0.706229
0.70686
0.70649
0.706311
0.706546
0.706314
0.706842
0.706787
0.706267
0.706252
0.706532
0.706388
0.706714
0.706689
0.706887
0.706846
0.706836
0.70678
0.706733
0.706443
0.706419
0.706786
0.706233
0.706863
0.70673
0.706979
0.707028
0.706202
0.706965
0.706841
0.706961
0.706893
0.706816
0.706804
0.706507
0.706976
0.706916
0.706852
0.706963
0.706572
0.706858
0.706882
0.70654
0.706879
0.70688
0.706444
0.706526
0.706457
0.706281
0.706071
0.706546
0.705911
0.70661
0.706787
0.706819
0.706672
0.706982
0.706695
0.706768
0.706872
0.706908
0.706467
0.70668
0.706759
0.706752
0.706231
0.706955
0.706322
0.706983
0.706462
0.706873
0.706994
0.706734
0.706374
0.706754
0.706991
0.706784
0.706641
0.706145
0.706832
0.706299
0.706735
0.707057
0.706381
0.706995
0.706734
0.706965
0.706599
0.706687
0.706786
0.706789
0.706619
0.706601
0.706928
0.707035
0.706863
0.706744
0.706664
0.706674
0.70691
0.706674
0.70654
0.70663
0.706237
0.706501
0.706494
0.706754
0.706667
0.706856
0.706825
0.706901
0.706608
0.706806
0.706496
0.706542
0.706885
0.706764
0.706892
0.706755
0.706566
0.706659
0.706619
0.706548
0.706836
0.706598
0.706731
0.70687
0.706726
0.706656
0.706679
0.706615
0.706557
0.70675
0.706529
0.706581
0.706551
0.706965
0.706548
0.706684
0.706672
0.706562
0.70636
0.706933
0.706751
0.70695
0.706893
0.706786
0.706501
0.706914
0.706703
0.706876
0.706797
0.706843
0.706736
0.706932
0.706503
0.705863
0.706756
0.706822
0.706491
0.706741
0.706729
0.706703
0.706488
0.706395
0.706513
0.706614
0.706733
0.707079
0.706373
0.706952
0.706779
0.706961
0.706703
0.706303
0.706374
0.706448
0.706994
0.706639
0.706768
0.70665
0.706574
0.706451
0.706896
0.706993
0.706865
0.706824
0.706654
0.706961
0.706629
0.706678
0.706634
0.706767
0.70649
0.706806
0.706888
0.706784
0.706915
0.70704
0.706666
0.706331
0.706734
0.706789
0.706584
0.706736
0.706907
0.706829
0.706391
0.706801
0.706781
0.706935
0.706744
0.706781
0.706555
0.706225
0.706676
0.706564
0.706181
0.706735
0.706666
0.706811
0.706784
0.706545
0.706351
0.706792
0.706962
0.706672
0.706689
0.706493
0.706157
0.706722
0.70677
0.706915
0.70675
0.706911
0.707027
0.707034
0.706308
0.706457
0.706517
0.706727
0.706759
0.706698
0.70627
0.706986
0.706448
0.706236
0.706283
0.706455
0.706686
0.707001
0.70677
0.706522
0.7064
0.706681
0.706918
0.706568
0.706731
0.70671
0.706637
0.706913
0.706718
0.707049
0.706564
0.706921
0.706445
0.706759
0.706955
0.706564
0.706764
0.706945
0.706744
0.70633
0.706454
0.707073
0.706981
0.706711
0.706114
0.706398
0.706747
0.706933
0.706686
0.706452
0.706508
0.706539
0.706707
0.706708
0.70694
0.706641
0.706439
0.707036
0.706963
0.706798
0.706949
0.706411
0.70665
0.706766
0.706769
0.706837
0.706724
0.706588
0.706471
0.706753
0.706628
0.706698
0.70633
0.706581
0.706607
0.706544
0.706804
0.706625
0.70664
0.706547
0.706665
0.706354
0.706818
0.706983
0.706826
0.706556
0.70691
0.706995
0.706883
0.70667
0.706785
0.706281
0.706301
0.706234
0.706724
0.706182
0.706297
0.706855
0.706691
0.706544
0.706904
0.706608
0.706856
0.706747
0.706846
0.706697
0.706569
0.706578
0.706858
0.706545
0.706212
0.706971
0.706334
0.706652
0.706754
0.706906
0.706725
0.706403
0.706857
0.70604
0.706633
0.706271
0.706805
0.706999
0.706651
0.706666
0.706818
0.706837
0.706785
0.706878
0.706823
0.706547
0.706635
0.707044
0.706574
0.706449
0.706382
0.706426
0.706877
0.707036
0.706788
0.706676
0.706641
0.706545
0.706746
0.706832
0.706109
0.707081
0.706663
0.706985
0.706606
0.706771
0.705712
0.706914
0.7067
0.707018
0.706821
0.706659
0.706621
0.706751
0.706682
0.706782
0.70635
0.706708
0.706739
0.706482
0.706788
0.706384
0.706828
0.706972
0.706836
0.7068
0.706709
0.706553
0.707034
0.706667
0.706811
0.706659
0.706702
0.706764
0.706836
0.70677
0.706992
0.706413
0.706302
0.706912
0.706599
0.706922
0.706704
0.706812
0.706691
0.706618
0.706961
0.706302
0.707018
0.706611
0.706677
0.706768
0.706891
0.706765
0.706765
0.706156
0.706491
0.707058
0.706714
0.706961
0.706539
0.706694
0.706561
0.706457
0.706786
0.706898
0.706824
0.706426
0.706896
0.706791
0.706664
0.706867
0.706549
0.706926
0.706623
0.706627
0.706612
0.706518
0.707011
0.706837
0.706564
0.706559
0.706744
0.706059
0.706629
0.706926
0.70678
0.70678
0.706872
0.706416
0.706893
0.706726
0.706911
0.706554
0.706613
0.706833
0.706986
0.706885
0.706825
0.706709
0.706439
0.706965
0.706631
0.706335
0.706169
0.706719
0.706924
0.706508
0.706507
0.706912
0.706705
0.706473
0.706893
0.706281
0.707006
0.706451
0.706636
0.706431
0.707022
0.706787
0.707091
0.706643
0.70669
0.706525
0.706664
0.706687
0.706937
0.706951
0.706747
0.706567
0.706855
0.706935
0.706503
0.706601
0.706281
0.706787
0.706777
0.706631
0.706817
0.706954
0.706859
0.706896
0.706733
0.706536
0.70678
0.706773
0.706206
0.70668
0.707015
0.706417
0.706394
0.70644
0.706419
0.706918
0.706634
0.70688
0.706536
0.706418
0.70684
0.706663
0.707094
0.706741
0.706718
0.706694
0.706516
0.706583
0.706749
0.706163
0.706612
0.706473
0.706717
0.706262
0.706784
0.706573
0.70667
0.706366
0.706649
0.70676
0.705929
0.706491
0.706652
0.706773
0.706865
0.706651
0.706749
0.706456
0.70661
0.706908
0.706785
0.706703
0.706781
0.706424
0.7068
0.706514
0.706482
0.706714
0.706581
0.706744
0.706469
0.706351
0.706809
0.706306
0.706322
0.706596
0.706859
0.706851
0.706065
0.706519
0.706682
0.706248
0.706305
0.706561
0.706763
0.706428
0.706764
0.707076
0.706878
0.706591
0.705871
0.706853
0.706856
0.706453
0.706835
0.706668
0.706698
0.706595
0.70674
0.706773
0.706843
0.706893
0.706903
0.706668
0.706772
0.707104
0.706805
0.706423
0.706992
0.706632
0.706624
0.706903
0.706712
0.706996
0.706271
0.706535
0.706969
0.706832
0.706944
0.706486
0.70685
0.706917
0.706363
0.706722
0.706414
0.706972
0.706458
0.706824
0.706767
0.706954
0.706436
0.70679
0.706676
0.706751
0.706545
0.706624
0.706676
0.706391
0.706779
0.706504
0.707003
0.706468
0.707017
0.706654
0.706662
0.706648
0.7067
0.706638
0.706498
0.706852
0.706857
0.706782
0.706376
0.706868
0.706796
0.706829
0.706613
0.706583
0.706932
0.706934
0.706824
0.706984
0.706597
0.706829
0.706878
0.70672
0.706644
0.706666
0.706772
0.706944
0.706559
0.706908
0.706645
0.706847
0.706722
0.706529
0.706956
0.706962
0.706511
0.706799
0.706927
0.706685
0.706538
0.706951
0.706763
0.70657
0.706854
0.706763
0.706479
0.706426
0.706561
0.706542
0.706533
0.706336
0.706885
0.706831
0.70667
0.706965
0.706995
0.706206
0.706862
0.706558
0.706854
0.706765
0.706796
0.706665
0.706858
0.706832
0.706735
0.706818
0.706605
0.706527
0.706583
0.706653
0.706158
0.706679
0.706718
0.706555
0.706711
0.7065
0.706585
0.707004
0.707077
0.706912
0.706323
0.706362
0.707092
0.706725
0.706591